D1Q3
1,0,;0,1,;0,0,;
1/6,1/6,2/3,

D2Q9
0,0,;1,0,;0,1,;-1,0,;0,-1,;1,1,;-1,1,;-1,-1,;1,-1,;
4/9, 1/9, 1/9 , 1/9, 1/9 ,1/36, 1/36, 1/36, 1/36 ,

D3Q15
1, 0, 0,; -1, 0, 0,; 0, 1, 0,; 0, -1, 0,; 0, 0, 1,; 0, 0, -1,;1, 1, 1,; -1, 1, 1,; -1, -1, 1,; 1, -1, 1,; 1, 1, -1,; -1, 1, -1,; -1, -1, -1,; 1, -1, -1,; 0, 0, 0,;
1/9    , 1/9      , 1/9     , 1/9      , 1/9     , 1/9      ,1/72    ,1/72      ,1/72       ,1/72      ,1/72      ,1/72       ,1/72        ,1/72       ,2/9,

D3Q19
1, 0, 0,; -1, 0, 0,; 0, 1, 0,; 0, -1, 0,; 0, 0, 1,; 0, 0, -1,; 1, 1, 0,; -1, 1, 0,; -1, -1, 0,; 1, -1, 0,; 1, 0, 1,; -1, 0, 1,;-1, 0, -1,; 1, 0, -1,; 0, 1, 1,; 0, -1, 1,; 0, -1, -1,; 0, 1, -1,; 0, 0, 0,;
1/18   ,1/18      ,1/18     ,1/18      ,1/18     ,1/18      ,1/36     ,1/36      ,1/36       ,1/36      ,1/36     ,1/36      ,1/36      ,1/36      ,1/36     ,1/36      ,1/36       ,1/36      ,1/3,

D3Q27
1, 0, 0,; -1, 0, 0,; 0, 1, 0,; 0, -1, 0,; 0, 0, 1,; 0, 0, -1,;1, 1, 0,; -1, 1, 0,; -1, -1, 0,; 1, -1, 0,; 1, 0, 1,; -1, 0, 1,;-1, 0, -1,; 1, 0, -1,; 0, 1, 1,; 0, -1, 1,; 0, -1, -1,; 0, 1, -1,; 1, 1, 1,; -1, 1, 1,; -1, -1, 1,; 1, -1, 1,; 1, 1, -1,; -1, 1, -1,; -1, -1, -1,; 1, -1, -1,; 0, 0, 0,;
2/27   , 2/27     , 2/27    ,  2/27    , 2/27    , 2/27     , 1/54   , 1/54     , 1/54      , 1/54     , 1/54    , 1/54     , 1/54     , 1/54     , 1/54    , 1/54     , 1/54      , 1/54     , 1/216   , 1/216    , 1/216     , 1/216    , 1/216    , 1/216     , 1/216      ,1/216      ,8/27     ,     