lid_driven
100 100 396
2
0 0 2
0 1 1
0 2 1
0 3 1
0 4 1
0 5 1
0 6 1
0 7 1
0 8 1
0 9 1
0 10 1
0 11 1
0 12 1
0 13 1
0 14 1
0 15 1
0 16 1
0 17 1
0 18 1
0 19 1
0 20 1
0 21 1
0 22 1
0 23 1
0 24 1
0 25 1
0 26 1
0 27 1
0 28 1
0 29 1
0 30 1
0 31 1
0 32 1
0 33 1
0 34 1
0 35 1
0 36 1
0 37 1
0 38 1
0 39 1
0 40 1
0 41 1
0 42 1
0 43 1
0 44 1
0 45 1
0 46 1
0 47 1
0 48 1
0 49 1
0 50 1
0 51 1
0 52 1
0 53 1
0 54 1
0 55 1
0 56 1
0 57 1
0 58 1
0 59 1
0 60 1
0 61 1
0 62 1
0 63 1
0 64 1
0 65 1
0 66 1
0 67 1
0 68 1
0 69 1
0 70 1
0 71 1
0 72 1
0 73 1
0 74 1
0 75 1
0 76 1
0 77 1
0 78 1
0 79 1
0 80 1
0 81 1
0 82 1
0 83 1
0 84 1
0 85 1
0 86 1
0 87 1
0 88 1
0 89 1
0 90 1
0 91 1
0 92 1
0 93 1
0 94 1
0 95 1
0 96 1
0 97 1
0 98 1
0 99 2
1 0 2
1 99 2
2 0 2
2 99 2
3 0 2
3 99 2
4 0 2
4 99 2
5 0 2
5 99 2
6 0 2
6 99 2
7 0 2
7 99 2
8 0 2
8 99 2
9 0 2
9 99 2
10 0 2
10 99 2
11 0 2
11 99 2
12 0 2
12 99 2
13 0 2
13 99 2
14 0 2
14 99 2
15 0 2
15 99 2
16 0 2
16 99 2
17 0 2
17 99 2
18 0 2
18 99 2
19 0 2
19 99 2
20 0 2
20 99 2
21 0 2
21 99 2
22 0 2
22 99 2
23 0 2
23 99 2
24 0 2
24 99 2
25 0 2
25 99 2
26 0 2
26 99 2
27 0 2
27 99 2
28 0 2
28 99 2
29 0 2
29 99 2
30 0 2
30 99 2
31 0 2
31 99 2
32 0 2
32 99 2
33 0 2
33 99 2
34 0 2
34 99 2
35 0 2
35 99 2
36 0 2
36 99 2
37 0 2
37 99 2
38 0 2
38 99 2
39 0 2
39 99 2
40 0 2
40 99 2
41 0 2
41 99 2
42 0 2
42 99 2
43 0 2
43 99 2
44 0 2
44 99 2
45 0 2
45 99 2
46 0 2
46 99 2
47 0 2
47 99 2
48 0 2
48 99 2
49 0 2
49 99 2
50 0 2
50 99 2
51 0 2
51 99 2
52 0 2
52 99 2
53 0 2
53 99 2
54 0 2
54 99 2
55 0 2
55 99 2
56 0 2
56 99 2
57 0 2
57 99 2
58 0 2
58 99 2
59 0 2
59 99 2
60 0 2
60 99 2
61 0 2
61 99 2
62 0 2
62 99 2
63 0 2
63 99 2
64 0 2
64 99 2
65 0 2
65 99 2
66 0 2
66 99 2
67 0 2
67 99 2
68 0 2
68 99 2
69 0 2
69 99 2
70 0 2
70 99 2
71 0 2
71 99 2
72 0 2
72 99 2
73 0 2
73 99 2
74 0 2
74 99 2
75 0 2
75 99 2
76 0 2
76 99 2
77 0 2
77 99 2
78 0 2
78 99 2
79 0 2
79 99 2
80 0 2
80 99 2
81 0 2
81 99 2
82 0 2
82 99 2
83 0 2
83 99 2
84 0 2
84 99 2
85 0 2
85 99 2
86 0 2
86 99 2
87 0 2
87 99 2
88 0 2
88 99 2
89 0 2
89 99 2
90 0 2
90 99 2
91 0 2
91 99 2
92 0 2
92 99 2
93 0 2
93 99 2
94 0 2
94 99 2
95 0 2
95 99 2
96 0 2
96 99 2
97 0 2
97 99 2
98 0 2
98 99 2
99 0 2
99 1 2
99 2 2
99 3 2
99 4 2
99 5 2
99 6 2
99 7 2
99 8 2
99 9 2
99 10 2
99 11 2
99 12 2
99 13 2
99 14 2
99 15 2
99 16 2
99 17 2
99 18 2
99 19 2
99 20 2
99 21 2
99 22 2
99 23 2
99 24 2
99 25 2
99 26 2
99 27 2
99 28 2
99 29 2
99 30 2
99 31 2
99 32 2
99 33 2
99 34 2
99 35 2
99 36 2
99 37 2
99 38 2
99 39 2
99 40 2
99 41 2
99 42 2
99 43 2
99 44 2
99 45 2
99 46 2
99 47 2
99 48 2
99 49 2
99 50 2
99 51 2
99 52 2
99 53 2
99 54 2
99 55 2
99 56 2
99 57 2
99 58 2
99 59 2
99 60 2
99 61 2
99 62 2
99 63 2
99 64 2
99 65 2
99 66 2
99 67 2
99 68 2
99 69 2
99 70 2
99 71 2
99 72 2
99 73 2
99 74 2
99 75 2
99 76 2
99 77 2
99 78 2
99 79 2
99 80 2
99 81 2
99 82 2
99 83 2
99 84 2
99 85 2
99 86 2
99 87 2
99 88 2
99 89 2
99 90 2
99 91 2
99 92 2
99 93 2
99 94 2
99 95 2
99 96 2
99 97 2
99 98 2
99 99 2
