10742
0 17
0 18
0 19
0 20
0 21
0 497
0 498
0 499
0 500
0 501
1 17
1 18
1 19
1 20
1 21
1 22
1 497
1 498
1 499
1 500
1 501
2 18
2 19
2 20
2 21
2 22
2 497
2 498
2 499
2 500
2 501
3 18
3 19
3 20
3 21
3 22
3 23
3 497
3 498
3 499
3 500
3 501
4 19
4 20
4 21
4 22
4 23
4 497
4 498
4 499
4 500
4 501
5 19
5 20
5 21
5 22
5 23
5 24
5 497
5 498
5 499
5 500
5 501
6 20
6 21
6 22
6 23
6 24
6 497
6 498
6 499
6 500
6 501
7 20
7 21
7 22
7 23
7 24
7 497
7 498
7 499
7 500
7 501
8 20
8 21
8 22
8 23
8 24
8 25
8 497
8 498
8 499
8 500
8 501
9 21
9 22
9 23
9 24
9 25
9 497
9 498
9 499
9 500
9 501
10 21
10 22
10 23
10 24
10 25
10 26
10 497
10 498
10 499
10 500
10 501
11 22
11 23
11 24
11 25
11 26
11 497
11 498
11 499
11 500
11 501
12 22
12 23
12 24
12 25
12 26
12 27
12 497
12 498
12 499
12 500
12 501
13 23
13 24
13 25
13 26
13 27
13 497
13 498
13 499
13 500
13 501
14 23
14 24
14 25
14 26
14 27
14 28
14 497
14 498
14 499
14 500
14 501
15 24
15 25
15 26
15 27
15 28
15 497
15 498
15 499
15 500
15 501
16 24
16 25
16 26
16 27
16 28
16 497
16 498
16 499
16 500
16 501
17 24
17 25
17 26
17 27
17 28
17 29
17 497
17 498
17 499
17 500
17 501
18 25
18 26
18 27
18 28
18 29
18 497
18 498
18 499
18 500
18 501
19 25
19 26
19 27
19 28
19 29
19 30
19 497
19 498
19 499
19 500
19 501
20 26
20 27
20 28
20 29
20 30
20 497
20 498
20 499
20 500
20 501
21 26
21 27
21 28
21 29
21 30
21 31
21 497
21 498
21 499
21 500
21 501
22 27
22 28
22 29
22 30
22 31
22 497
22 498
22 499
22 500
22 501
23 27
23 28
23 29
23 30
23 31
23 497
23 498
23 499
23 500
23 501
24 27
24 28
24 29
24 30
24 31
24 32
24 497
24 498
24 499
24 500
24 501
25 28
25 29
25 30
25 31
25 32
25 497
25 498
25 499
25 500
25 501
26 28
26 29
26 30
26 31
26 32
26 33
26 497
26 498
26 499
26 500
26 501
27 29
27 30
27 31
27 32
27 33
27 497
27 498
27 499
27 500
27 501
28 29
28 30
28 31
28 32
28 33
28 34
28 497
28 498
28 499
28 500
28 501
29 30
29 31
29 32
29 33
29 34
29 497
29 498
29 499
29 500
29 501
30 30
30 31
30 32
30 33
30 34
30 35
30 497
30 498
30 499
30 500
30 501
31 31
31 32
31 33
31 34
31 35
31 193
31 194
31 195
31 196
31 197
31 198
31 199
31 200
31 201
31 202
31 203
31 204
31 205
31 206
31 207
31 208
31 209
31 210
31 211
31 212
31 213
31 214
31 215
31 216
31 217
31 497
31 498
31 499
31 500
31 501
32 31
32 32
32 33
32 34
32 35
32 183
32 184
32 185
32 186
32 187
32 188
32 189
32 190
32 191
32 192
32 193
32 194
32 195
32 196
32 197
32 198
32 199
32 200
32 201
32 202
32 203
32 204
32 205
32 206
32 207
32 208
32 209
32 210
32 211
32 212
32 213
32 214
32 215
32 216
32 217
32 218
32 497
32 498
32 499
32 500
32 501
33 31
33 32
33 33
33 34
33 35
33 36
33 176
33 177
33 178
33 179
33 180
33 181
33 182
33 183
33 184
33 185
33 186
33 187
33 188
33 189
33 190
33 191
33 192
33 193
33 194
33 195
33 196
33 197
33 198
33 199
33 200
33 201
33 202
33 203
33 204
33 205
33 206
33 207
33 208
33 209
33 210
33 211
33 212
33 213
33 214
33 215
33 216
33 217
33 218
33 219
33 220
33 221
33 497
33 498
33 499
33 500
33 501
34 32
34 33
34 34
34 35
34 36
34 170
34 171
34 172
34 173
34 174
34 175
34 176
34 177
34 178
34 179
34 180
34 181
34 182
34 183
34 184
34 185
34 186
34 187
34 188
34 189
34 190
34 191
34 192
34 193
34 194
34 195
34 196
34 197
34 198
34 199
34 200
34 201
34 202
34 203
34 204
34 205
34 206
34 207
34 208
34 209
34 210
34 211
34 212
34 213
34 214
34 215
34 216
34 217
34 218
34 219
34 220
34 221
34 222
34 223
34 224
34 497
34 498
34 499
34 500
34 501
35 32
35 33
35 34
35 35
35 36
35 37
35 165
35 166
35 167
35 168
35 169
35 170
35 171
35 172
35 173
35 174
35 175
35 176
35 177
35 178
35 179
35 180
35 181
35 182
35 183
35 184
35 185
35 186
35 187
35 188
35 189
35 190
35 191
35 192
35 193
35 194
35 195
35 196
35 197
35 198
35 199
35 200
35 201
35 202
35 203
35 204
35 205
35 206
35 207
35 208
35 209
35 210
35 211
35 212
35 213
35 214
35 215
35 216
35 217
35 218
35 219
35 220
35 221
35 222
35 223
35 224
35 225
35 226
35 227
35 497
35 498
35 499
35 500
35 501
36 33
36 34
36 35
36 36
36 37
36 161
36 162
36 163
36 164
36 165
36 166
36 167
36 168
36 169
36 170
36 171
36 172
36 173
36 174
36 175
36 176
36 177
36 178
36 179
36 180
36 181
36 182
36 183
36 184
36 185
36 186
36 187
36 188
36 189
36 190
36 191
36 216
36 217
36 218
36 219
36 220
36 221
36 222
36 223
36 224
36 225
36 226
36 227
36 228
36 229
36 230
36 497
36 498
36 499
36 500
36 501
37 33
37 34
37 35
37 36
37 37
37 38
37 158
37 159
37 160
37 161
37 162
37 163
37 164
37 165
37 166
37 167
37 168
37 169
37 170
37 171
37 172
37 173
37 174
37 175
37 176
37 177
37 178
37 179
37 180
37 181
37 182
37 219
37 220
37 221
37 222
37 223
37 224
37 225
37 226
37 227
37 228
37 229
37 230
37 231
37 232
37 233
37 497
37 498
37 499
37 500
37 501
38 34
38 35
38 36
38 37
38 38
38 155
38 156
38 157
38 158
38 159
38 160
38 161
38 162
38 163
38 164
38 165
38 166
38 167
38 168
38 169
38 170
38 171
38 172
38 173
38 174
38 175
38 222
38 223
38 224
38 225
38 226
38 227
38 228
38 229
38 230
38 231
38 232
38 233
38 234
38 235
38 236
38 497
38 498
38 499
38 500
38 501
39 34
39 35
39 36
39 37
39 38
39 152
39 153
39 154
39 155
39 156
39 157
39 158
39 159
39 160
39 161
39 162
39 163
39 164
39 165
39 166
39 167
39 168
39 169
39 224
39 225
39 226
39 227
39 228
39 229
39 230
39 231
39 232
39 233
39 234
39 235
39 236
39 237
39 238
39 239
39 497
39 498
39 499
39 500
39 501
40 34
40 35
40 36
40 37
40 38
40 39
40 149
40 150
40 151
40 152
40 153
40 154
40 155
40 156
40 157
40 158
40 159
40 160
40 161
40 162
40 163
40 164
40 165
40 227
40 228
40 229
40 230
40 231
40 232
40 233
40 234
40 235
40 236
40 237
40 238
40 239
40 240
40 241
40 242
40 497
40 498
40 499
40 500
40 501
41 35
41 36
41 37
41 38
41 39
41 147
41 148
41 149
41 150
41 151
41 152
41 153
41 154
41 155
41 156
41 157
41 158
41 159
41 160
41 161
41 230
41 231
41 232
41 233
41 234
41 235
41 236
41 237
41 238
41 239
41 240
41 241
41 242
41 243
41 244
41 245
41 497
41 498
41 499
41 500
41 501
42 35
42 36
42 37
42 38
42 39
42 40
42 144
42 145
42 146
42 147
42 148
42 149
42 150
42 151
42 152
42 153
42 154
42 155
42 156
42 157
42 233
42 234
42 235
42 236
42 237
42 238
42 239
42 240
42 241
42 242
42 243
42 244
42 245
42 246
42 247
42 248
42 497
42 498
42 499
42 500
42 501
43 36
43 37
43 38
43 39
43 40
43 142
43 143
43 144
43 145
43 146
43 147
43 148
43 149
43 150
43 151
43 152
43 153
43 154
43 236
43 237
43 238
43 239
43 240
43 241
43 242
43 243
43 244
43 245
43 246
43 247
43 248
43 249
43 250
43 497
43 498
43 499
43 500
43 501
44 36
44 37
44 38
44 39
44 40
44 41
44 141
44 142
44 143
44 144
44 145
44 146
44 147
44 148
44 149
44 150
44 151
44 239
44 240
44 241
44 242
44 243
44 244
44 245
44 246
44 247
44 248
44 249
44 250
44 251
44 252
44 253
44 497
44 498
44 499
44 500
44 501
45 37
45 38
45 39
45 40
45 41
45 139
45 140
45 141
45 142
45 143
45 144
45 145
45 146
45 147
45 148
45 149
45 242
45 243
45 244
45 245
45 246
45 247
45 248
45 249
45 250
45 251
45 252
45 253
45 254
45 255
45 256
45 497
45 498
45 499
45 500
45 501
46 37
46 38
46 39
46 40
46 41
46 42
46 137
46 138
46 139
46 140
46 141
46 142
46 143
46 144
46 145
46 146
46 147
46 245
46 246
46 247
46 248
46 249
46 250
46 251
46 252
46 253
46 254
46 255
46 256
46 257
46 258
46 259
46 497
46 498
46 499
46 500
46 501
47 38
47 39
47 40
47 41
47 42
47 136
47 137
47 138
47 139
47 140
47 141
47 142
47 143
47 144
47 248
47 249
47 250
47 251
47 252
47 253
47 254
47 255
47 256
47 257
47 258
47 259
47 260
47 261
47 262
47 497
47 498
47 499
47 500
47 501
48 38
48 39
48 40
48 41
48 42
48 134
48 135
48 136
48 137
48 138
48 139
48 140
48 141
48 142
48 251
48 252
48 253
48 254
48 255
48 256
48 257
48 258
48 259
48 260
48 261
48 262
48 263
48 264
48 265
48 497
48 498
48 499
48 500
48 501
49 38
49 39
49 40
49 41
49 42
49 43
49 133
49 134
49 135
49 136
49 137
49 138
49 139
49 140
49 141
49 254
49 255
49 256
49 257
49 258
49 259
49 260
49 261
49 262
49 263
49 264
49 265
49 266
49 267
49 268
49 497
49 498
49 499
49 500
49 501
50 39
50 40
50 41
50 42
50 43
50 131
50 132
50 133
50 134
50 135
50 136
50 137
50 138
50 139
50 257
50 258
50 259
50 260
50 261
50 262
50 263
50 264
50 265
50 266
50 267
50 268
50 269
50 270
50 271
50 497
50 498
50 499
50 500
50 501
51 39
51 40
51 41
51 42
51 43
51 44
51 130
51 131
51 132
51 133
51 134
51 135
51 136
51 137
51 260
51 261
51 262
51 263
51 264
51 265
51 266
51 267
51 268
51 269
51 270
51 271
51 272
51 273
51 274
51 497
51 498
51 499
51 500
51 501
52 40
52 41
52 42
52 43
52 44
52 129
52 130
52 131
52 132
52 133
52 134
52 135
52 136
52 263
52 264
52 265
52 266
52 267
52 268
52 269
52 270
52 271
52 272
52 273
52 274
52 275
52 276
52 277
52 497
52 498
52 499
52 500
52 501
53 40
53 41
53 42
53 43
53 44
53 45
53 128
53 129
53 130
53 131
53 132
53 133
53 134
53 135
53 265
53 266
53 267
53 268
53 269
53 270
53 271
53 272
53 273
53 274
53 275
53 276
53 277
53 278
53 279
53 280
53 497
53 498
53 499
53 500
53 501
54 41
54 42
54 43
54 44
54 45
54 127
54 128
54 129
54 130
54 131
54 132
54 133
54 268
54 269
54 270
54 271
54 272
54 273
54 274
54 275
54 276
54 277
54 278
54 279
54 280
54 281
54 282
54 283
54 497
54 498
54 499
54 500
54 501
55 41
55 42
55 43
55 44
55 45
55 126
55 127
55 128
55 129
55 130
55 131
55 132
55 152
55 153
55 154
55 271
55 272
55 273
55 274
55 275
55 276
55 277
55 278
55 279
55 280
55 281
55 282
55 283
55 284
55 285
55 286
55 497
55 498
55 499
55 500
55 501
56 41
56 42
56 43
56 44
56 45
56 46
56 125
56 126
56 127
56 128
56 129
56 130
56 131
56 150
56 151
56 152
56 153
56 154
56 155
56 156
56 274
56 275
56 276
56 277
56 278
56 279
56 280
56 281
56 282
56 283
56 284
56 285
56 286
56 287
56 288
56 289
56 497
56 498
56 499
56 500
56 501
57 42
57 43
57 44
57 45
57 46
57 124
57 125
57 126
57 127
57 128
57 129
57 130
57 149
57 150
57 151
57 152
57 153
57 154
57 155
57 156
57 157
57 158
57 210
57 211
57 212
57 213
57 214
57 215
57 216
57 217
57 218
57 219
57 220
57 277
57 278
57 279
57 280
57 281
57 282
57 283
57 284
57 285
57 286
57 287
57 288
57 289
57 290
57 291
57 497
57 498
57 499
57 500
57 501
58 42
58 43
58 44
58 45
58 46
58 47
58 124
58 125
58 126
58 127
58 128
58 129
58 147
58 148
58 149
58 150
58 151
58 152
58 153
58 154
58 155
58 156
58 157
58 158
58 159
58 205
58 206
58 207
58 208
58 209
58 210
58 211
58 212
58 213
58 214
58 215
58 216
58 217
58 218
58 219
58 220
58 221
58 222
58 223
58 224
58 225
58 280
58 281
58 282
58 283
58 284
58 285
58 286
58 287
58 288
58 289
58 290
58 291
58 292
58 293
58 294
58 497
58 498
58 499
58 500
58 501
59 43
59 44
59 45
59 46
59 47
59 123
59 124
59 125
59 126
59 127
59 128
59 145
59 146
59 147
59 148
59 149
59 150
59 151
59 152
59 153
59 154
59 155
59 156
59 157
59 158
59 159
59 160
59 161
59 202
59 203
59 204
59 205
59 206
59 207
59 208
59 209
59 210
59 211
59 212
59 213
59 214
59 215
59 216
59 217
59 218
59 219
59 220
59 221
59 222
59 223
59 224
59 225
59 226
59 227
59 228
59 229
59 230
59 231
59 283
59 284
59 285
59 286
59 287
59 288
59 289
59 290
59 291
59 292
59 293
59 294
59 295
59 296
59 297
59 497
59 498
59 499
59 500
59 501
60 43
60 44
60 45
60 46
60 47
60 48
60 122
60 123
60 124
60 125
60 126
60 127
60 144
60 145
60 146
60 147
60 148
60 149
60 150
60 151
60 152
60 154
60 155
60 156
60 157
60 158
60 159
60 160
60 161
60 162
60 199
60 200
60 201
60 202
60 203
60 204
60 205
60 206
60 207
60 208
60 209
60 210
60 211
60 212
60 213
60 214
60 215
60 216
60 217
60 218
60 219
60 220
60 221
60 222
60 223
60 224
60 225
60 226
60 227
60 228
60 229
60 230
60 231
60 232
60 233
60 234
60 235
60 236
60 286
60 287
60 288
60 289
60 290
60 291
60 292
60 293
60 294
60 295
60 296
60 297
60 298
60 299
60 300
60 497
60 498
60 499
60 500
60 501
61 44
61 45
61 46
61 47
61 48
61 121
61 122
61 123
61 124
61 125
61 126
61 127
61 143
61 144
61 145
61 146
61 147
61 148
61 149
61 150
61 151
61 156
61 157
61 158
61 159
61 160
61 161
61 162
61 163
61 196
61 197
61 198
61 199
61 200
61 201
61 202
61 203
61 204
61 205
61 206
61 207
61 208
61 209
61 210
61 211
61 212
61 213
61 214
61 217
61 218
61 219
61 220
61 221
61 222
61 223
61 224
61 225
61 226
61 227
61 228
61 229
61 230
61 231
61 232
61 233
61 234
61 235
61 236
61 237
61 238
61 239
61 240
61 241
61 289
61 290
61 291
61 292
61 293
61 294
61 295
61 296
61 297
61 298
61 299
61 300
61 301
61 302
61 303
61 497
61 498
61 499
61 500
61 501
62 44
62 45
62 46
62 47
62 48
62 121
62 122
62 123
62 124
62 125
62 126
62 143
62 144
62 145
62 146
62 147
62 148
62 149
62 157
62 158
62 159
62 160
62 161
62 162
62 163
62 194
62 195
62 196
62 197
62 198
62 199
62 200
62 201
62 202
62 203
62 204
62 205
62 206
62 207
62 208
62 209
62 221
62 222
62 223
62 224
62 225
62 226
62 227
62 228
62 229
62 230
62 231
62 232
62 233
62 234
62 235
62 236
62 237
62 238
62 239
62 240
62 241
62 242
62 243
62 244
62 245
62 246
62 292
62 293
62 294
62 295
62 296
62 297
62 298
62 299
62 300
62 301
62 302
62 303
62 304
62 305
62 306
62 497
62 498
62 499
62 500
62 501
63 44
63 45
63 46
63 47
63 48
63 49
63 119
63 120
63 121
63 122
63 123
63 124
63 125
63 143
63 144
63 145
63 146
63 147
63 159
63 160
63 161
63 162
63 163
63 192
63 193
63 194
63 195
63 196
63 197
63 198
63 199
63 200
63 201
63 202
63 203
63 204
63 205
63 226
63 227
63 228
63 229
63 230
63 231
63 232
63 233
63 234
63 235
63 236
63 237
63 238
63 239
63 240
63 241
63 242
63 243
63 244
63 245
63 246
63 247
63 248
63 249
63 250
63 251
63 295
63 296
63 297
63 298
63 299
63 300
63 301
63 302
63 303
63 304
63 305
63 306
63 307
63 308
63 309
63 497
63 498
63 499
63 500
63 501
64 45
64 46
64 47
64 48
64 49
64 119
64 120
64 121
64 122
64 123
64 124
64 143
64 144
64 145
64 146
64 147
64 159
64 160
64 161
64 162
64 163
64 190
64 191
64 192
64 193
64 194
64 195
64 196
64 197
64 198
64 199
64 200
64 201
64 202
64 231
64 232
64 233
64 234
64 235
64 236
64 237
64 238
64 239
64 240
64 241
64 242
64 243
64 244
64 245
64 246
64 247
64 248
64 249
64 250
64 251
64 252
64 253
64 254
64 255
64 256
64 257
64 298
64 299
64 300
64 301
64 302
64 303
64 304
64 305
64 306
64 307
64 308
64 309
64 310
64 311
64 312
64 497
64 498
64 499
64 500
64 501
65 45
65 46
65 47
65 48
65 49
65 50
65 119
65 120
65 121
65 122
65 123
65 124
65 143
65 144
65 145
65 146
65 147
65 159
65 160
65 161
65 162
65 163
65 188
65 189
65 190
65 191
65 192
65 193
65 194
65 195
65 196
65 197
65 198
65 199
65 236
65 237
65 238
65 239
65 240
65 241
65 242
65 243
65 244
65 245
65 246
65 247
65 248
65 249
65 250
65 251
65 252
65 253
65 254
65 255
65 256
65 257
65 258
65 259
65 260
65 261
65 262
65 301
65 302
65 303
65 304
65 305
65 306
65 307
65 308
65 309
65 310
65 311
65 312
65 313
65 314
65 315
65 497
65 498
65 499
65 500
65 501
66 46
66 47
66 48
66 49
66 50
66 118
66 119
66 120
66 121
66 122
66 123
66 143
66 144
66 145
66 146
66 147
66 159
66 160
66 161
66 162
66 163
66 186
66 187
66 188
66 189
66 190
66 191
66 192
66 193
66 194
66 195
66 196
66 241
66 242
66 243
66 244
66 245
66 246
66 247
66 248
66 249
66 250
66 251
66 252
66 253
66 254
66 255
66 256
66 257
66 258
66 259
66 260
66 261
66 262
66 263
66 264
66 265
66 266
66 267
66 304
66 305
66 306
66 307
66 308
66 309
66 310
66 311
66 312
66 313
66 314
66 315
66 316
66 317
66 318
66 497
66 498
66 499
66 500
66 501
67 46
67 47
67 48
67 49
67 50
67 51
67 118
67 119
67 120
67 121
67 122
67 123
67 143
67 144
67 145
67 146
67 147
67 159
67 160
67 161
67 162
67 163
67 185
67 186
67 187
67 188
67 189
67 190
67 191
67 192
67 193
67 194
67 247
67 248
67 249
67 250
67 251
67 252
67 253
67 254
67 255
67 256
67 257
67 258
67 259
67 260
67 261
67 262
67 263
67 264
67 265
67 266
67 267
67 268
67 269
67 270
67 271
67 272
67 309
67 310
67 311
67 312
67 313
67 314
67 315
67 316
67 317
67 318
67 319
67 320
67 321
67 497
67 498
67 499
67 500
67 501
68 47
68 48
68 49
68 50
68 51
68 118
68 119
68 120
68 121
68 122
68 143
68 144
68 145
68 146
68 147
68 159
68 160
68 161
68 162
68 163
68 183
68 184
68 185
68 186
68 187
68 188
68 189
68 190
68 191
68 192
68 252
68 253
68 254
68 255
68 256
68 257
68 258
68 259
68 260
68 261
68 262
68 263
68 264
68 265
68 266
68 267
68 268
68 269
68 270
68 271
68 272
68 273
68 274
68 275
68 276
68 277
68 312
68 313
68 314
68 315
68 316
68 317
68 318
68 319
68 320
68 321
68 322
68 323
68 324
68 497
68 498
68 499
68 500
68 501
69 47
69 48
69 49
69 50
69 51
69 52
69 117
69 118
69 119
69 120
69 121
69 122
69 143
69 144
69 145
69 146
69 147
69 159
69 160
69 161
69 162
69 163
69 182
69 183
69 184
69 185
69 186
69 187
69 188
69 189
69 190
69 257
69 258
69 259
69 260
69 261
69 262
69 263
69 264
69 265
69 266
69 267
69 268
69 269
69 270
69 271
69 272
69 273
69 274
69 275
69 276
69 277
69 278
69 279
69 280
69 316
69 317
69 318
69 319
69 320
69 321
69 322
69 323
69 324
69 325
69 326
69 327
69 497
69 498
69 499
69 500
69 501
70 48
70 49
70 50
70 51
70 52
70 117
70 118
70 119
70 120
70 121
70 143
70 144
70 145
70 146
70 147
70 148
70 149
70 157
70 158
70 159
70 160
70 161
70 162
70 163
70 181
70 182
70 183
70 184
70 185
70 186
70 187
70 188
70 262
70 263
70 264
70 265
70 266
70 267
70 268
70 269
70 270
70 271
70 272
70 273
70 274
70 275
70 276
70 277
70 278
70 279
70 280
70 281
70 282
70 283
70 319
70 320
70 321
70 322
70 323
70 324
70 325
70 326
70 327
70 328
70 329
70 330
70 497
70 498
70 499
70 500
70 501
71 48
71 49
71 50
71 51
71 52
71 116
71 117
71 118
71 119
71 120
71 121
71 143
71 144
71 145
71 146
71 147
71 148
71 149
71 150
71 156
71 157
71 158
71 159
71 160
71 161
71 162
71 163
71 180
71 181
71 182
71 183
71 184
71 185
71 186
71 187
71 267
71 268
71 269
71 270
71 271
71 272
71 273
71 274
71 275
71 276
71 277
71 278
71 279
71 280
71 281
71 282
71 283
71 284
71 285
71 286
71 287
71 288
71 321
71 322
71 323
71 324
71 325
71 326
71 327
71 328
71 329
71 330
71 331
71 332
71 333
71 497
71 498
71 499
71 500
71 501
72 48
72 49
72 50
72 51
72 52
72 53
72 116
72 117
72 118
72 119
72 120
72 121
72 144
72 145
72 146
72 147
72 148
72 149
72 150
72 151
72 152
72 154
72 155
72 156
72 157
72 158
72 159
72 160
72 161
72 162
72 179
72 180
72 181
72 182
72 183
72 184
72 185
72 273
72 274
72 275
72 276
72 277
72 278
72 279
72 280
72 281
72 282
72 283
72 284
72 285
72 286
72 287
72 288
72 289
72 290
72 291
72 292
72 293
72 326
72 327
72 328
72 329
72 330
72 331
72 332
72 333
72 334
72 335
72 497
72 498
72 499
72 500
72 501
73 49
73 50
73 51
73 52
73 53
73 116
73 117
73 118
73 119
73 120
73 145
73 146
73 147
73 148
73 149
73 150
73 151
73 152
73 153
73 154
73 155
73 156
73 157
73 158
73 159
73 160
73 161
73 177
73 178
73 179
73 180
73 181
73 182
73 183
73 184
73 278
73 279
73 280
73 281
73 282
73 283
73 284
73 285
73 286
73 287
73 288
73 289
73 290
73 291
73 292
73 293
73 294
73 295
73 296
73 297
73 329
73 330
73 331
73 332
73 333
73 334
73 335
73 336
73 337
73 338
73 497
73 498
73 499
73 500
73 501
74 49
74 50
74 51
74 52
74 53
74 54
74 115
74 116
74 117
74 118
74 119
74 120
74 147
74 148
74 149
74 150
74 151
74 152
74 153
74 154
74 155
74 156
74 157
74 158
74 159
74 176
74 177
74 178
74 179
74 180
74 181
74 182
74 183
74 283
74 284
74 285
74 286
74 287
74 288
74 289
74 290
74 291
74 292
74 293
74 294
74 295
74 296
74 297
74 298
74 299
74 300
74 301
74 302
74 331
74 332
74 333
74 334
74 335
74 336
74 337
74 338
74 339
74 340
74 341
74 497
74 498
74 499
74 500
74 501
75 50
75 51
75 52
75 53
75 54
75 115
75 116
75 117
75 118
75 119
75 120
75 148
75 149
75 150
75 151
75 152
75 153
75 154
75 155
75 156
75 157
75 158
75 175
75 176
75 177
75 178
75 179
75 180
75 181
75 182
75 288
75 289
75 290
75 291
75 292
75 293
75 294
75 295
75 296
75 297
75 298
75 299
75 300
75 301
75 302
75 303
75 304
75 305
75 306
75 307
75 333
75 334
75 335
75 336
75 337
75 338
75 339
75 340
75 341
75 342
75 343
75 344
75 497
75 498
75 499
75 500
75 501
76 50
76 51
76 52
76 53
76 54
76 55
76 115
76 116
76 117
76 118
76 119
76 120
76 150
76 151
76 152
76 153
76 154
76 155
76 156
76 174
76 175
76 176
76 177
76 178
76 179
76 180
76 181
76 293
76 294
76 295
76 296
76 297
76 298
76 299
76 300
76 301
76 302
76 303
76 304
76 305
76 306
76 307
76 308
76 309
76 310
76 311
76 312
76 337
76 338
76 339
76 340
76 341
76 342
76 343
76 344
76 345
76 346
76 497
76 498
76 499
76 500
76 501
77 51
77 52
77 53
77 54
77 55
77 115
77 116
77 117
77 118
77 119
77 152
77 153
77 154
77 173
77 174
77 175
77 176
77 177
77 178
77 179
77 180
77 299
77 300
77 301
77 302
77 303
77 304
77 305
77 306
77 307
77 308
77 309
77 310
77 311
77 312
77 313
77 314
77 315
77 316
77 339
77 340
77 341
77 342
77 343
77 344
77 345
77 346
77 347
77 348
77 349
77 497
77 498
77 499
77 500
77 501
78 51
78 52
78 53
78 54
78 55
78 115
78 116
78 117
78 118
78 119
78 172
78 173
78 174
78 175
78 176
78 177
78 178
78 179
78 304
78 305
78 306
78 307
78 308
78 309
78 310
78 311
78 312
78 313
78 314
78 315
78 316
78 317
78 341
78 342
78 343
78 344
78 345
78 346
78 347
78 348
78 349
78 350
78 351
78 352
78 497
78 498
78 499
78 500
78 501
79 51
79 52
79 53
79 54
79 55
79 56
79 115
79 116
79 117
79 118
79 119
79 171
79 172
79 173
79 174
79 175
79 176
79 177
79 309
79 310
79 311
79 315
79 316
79 317
79 318
79 319
79 343
79 344
79 345
79 346
79 347
79 348
79 349
79 350
79 351
79 352
79 353
79 354
79 497
79 498
79 499
79 500
79 501
80 52
80 53
80 54
80 55
80 56
80 115
80 116
80 117
80 118
80 119
80 170
80 171
80 172
80 173
80 174
80 175
80 176
80 316
80 317
80 318
80 319
80 320
80 344
80 345
80 346
80 347
80 348
80 349
80 350
80 351
80 352
80 353
80 354
80 355
80 356
80 497
80 498
80 499
80 500
80 501
81 52
81 53
81 54
81 55
81 56
81 57
81 115
81 116
81 117
81 118
81 119
81 169
81 170
81 171
81 172
81 173
81 174
81 175
81 316
81 317
81 318
81 319
81 320
81 347
81 348
81 349
81 350
81 351
81 352
81 353
81 354
81 355
81 356
81 357
81 358
81 497
81 498
81 499
81 500
81 501
82 53
82 54
82 55
82 56
82 57
82 115
82 116
82 117
82 118
82 119
82 168
82 169
82 170
82 171
82 172
82 173
82 174
82 316
82 317
82 318
82 319
82 320
82 351
82 352
82 353
82 354
82 355
82 356
82 357
82 358
82 359
82 360
82 497
82 498
82 499
82 500
82 501
83 53
83 54
83 55
83 56
83 57
83 58
83 115
83 116
83 117
83 118
83 119
83 166
83 167
83 168
83 169
83 170
83 171
83 172
83 173
83 316
83 317
83 318
83 319
83 320
83 321
83 353
83 354
83 355
83 356
83 357
83 358
83 359
83 360
83 361
83 362
83 497
83 498
83 499
83 500
83 501
84 54
84 55
84 56
84 57
84 58
84 115
84 116
84 117
84 118
84 119
84 165
84 166
84 167
84 168
84 169
84 170
84 171
84 172
84 317
84 318
84 319
84 320
84 321
84 354
84 355
84 356
84 357
84 358
84 359
84 360
84 361
84 362
84 363
84 497
84 498
84 499
84 500
84 501
85 54
85 55
85 56
85 57
85 58
85 59
85 115
85 116
85 117
85 118
85 119
85 163
85 164
85 165
85 166
85 167
85 168
85 169
85 170
85 171
85 317
85 318
85 319
85 320
85 321
85 356
85 357
85 358
85 359
85 360
85 361
85 362
85 363
85 364
85 497
85 498
85 499
85 500
85 501
86 55
86 56
86 57
86 58
86 59
86 115
86 116
86 117
86 118
86 119
86 162
86 163
86 164
86 165
86 166
86 167
86 168
86 169
86 170
86 317
86 318
86 319
86 320
86 321
86 358
86 359
86 360
86 361
86 362
86 363
86 364
86 365
86 497
86 498
86 499
86 500
86 501
87 55
87 56
87 57
87 58
87 59
87 115
87 116
87 117
87 118
87 119
87 160
87 161
87 162
87 163
87 164
87 165
87 166
87 167
87 168
87 317
87 318
87 319
87 320
87 321
87 360
87 361
87 362
87 363
87 364
87 365
87 366
87 497
87 498
87 499
87 500
87 501
88 55
88 56
88 57
88 58
88 59
88 60
88 115
88 116
88 117
88 118
88 119
88 158
88 159
88 160
88 161
88 162
88 163
88 164
88 165
88 166
88 167
88 318
88 319
88 320
88 321
88 322
88 361
88 362
88 363
88 364
88 365
88 366
88 367
88 368
88 497
88 498
88 499
88 500
88 501
89 56
89 57
89 58
89 59
89 60
89 115
89 116
89 117
89 118
89 119
89 155
89 156
89 157
89 158
89 159
89 160
89 161
89 162
89 163
89 164
89 165
89 318
89 319
89 320
89 321
89 322
89 362
89 363
89 364
89 365
89 366
89 367
89 368
89 369
89 497
89 498
89 499
89 500
89 501
90 56
90 57
90 58
90 59
90 60
90 61
90 115
90 116
90 117
90 118
90 119
90 152
90 153
90 154
90 155
90 156
90 157
90 158
90 159
90 160
90 161
90 162
90 163
90 164
90 318
90 319
90 320
90 321
90 322
90 363
90 364
90 365
90 366
90 367
90 368
90 369
90 370
90 497
90 498
90 499
90 500
90 501
91 57
91 58
91 59
91 60
91 61
91 112
91 113
91 114
91 115
91 116
91 117
91 118
91 119
91 148
91 149
91 150
91 151
91 152
91 153
91 154
91 155
91 156
91 157
91 158
91 159
91 160
91 161
91 162
91 318
91 319
91 320
91 321
91 322
91 364
91 365
91 366
91 367
91 368
91 369
91 370
91 371
91 497
91 498
91 499
91 500
91 501
92 57
92 58
92 59
92 60
92 61
92 62
92 108
92 109
92 110
92 111
92 112
92 113
92 114
92 115
92 116
92 117
92 118
92 119
92 130
92 131
92 132
92 143
92 144
92 145
92 146
92 147
92 148
92 149
92 150
92 151
92 152
92 153
92 154
92 155
92 156
92 157
92 158
92 159
92 160
92 318
92 319
92 320
92 321
92 322
92 323
92 366
92 367
92 368
92 369
92 370
92 371
92 497
92 498
92 499
92 500
92 501
93 58
93 59
93 60
93 61
93 62
93 104
93 105
93 106
93 107
93 108
93 109
93 110
93 111
93 112
93 113
93 114
93 115
93 116
93 117
93 118
93 119
93 128
93 129
93 130
93 131
93 132
93 133
93 134
93 135
93 136
93 137
93 138
93 139
93 140
93 141
93 142
93 143
93 144
93 145
93 146
93 147
93 148
93 149
93 150
93 151
93 152
93 153
93 154
93 155
93 156
93 157
93 319
93 320
93 321
93 322
93 323
93 367
93 368
93 369
93 370
93 371
93 372
93 497
93 498
93 499
93 500
93 501
94 58
94 59
94 60
94 61
94 62
94 100
94 101
94 102
94 103
94 104
94 105
94 106
94 107
94 108
94 109
94 110
94 111
94 112
94 113
94 114
94 115
94 116
94 117
94 118
94 127
94 128
94 129
94 130
94 131
94 132
94 133
94 134
94 135
94 136
94 137
94 138
94 139
94 140
94 141
94 142
94 143
94 144
94 145
94 146
94 147
94 148
94 149
94 150
94 151
94 152
94 153
94 154
94 155
94 319
94 320
94 321
94 322
94 323
94 368
94 369
94 370
94 371
94 372
94 373
94 497
94 498
94 499
94 500
94 501
95 58
95 59
95 60
95 61
95 62
95 63
95 96
95 97
95 98
95 99
95 100
95 101
95 102
95 103
95 104
95 105
95 106
95 107
95 108
95 109
95 110
95 111
95 112
95 113
95 114
95 115
95 127
95 128
95 129
95 130
95 131
95 132
95 133
95 134
95 135
95 136
95 137
95 138
95 139
95 140
95 141
95 142
95 143
95 144
95 145
95 146
95 147
95 148
95 149
95 150
95 151
95 319
95 320
95 321
95 322
95 323
95 368
95 369
95 370
95 371
95 372
95 373
95 374
95 497
95 498
95 499
95 500
95 501
96 59
96 60
96 61
96 62
96 63
96 92
96 93
96 94
96 95
96 96
96 97
96 98
96 99
96 100
96 101
96 102
96 103
96 104
96 105
96 106
96 107
96 108
96 109
96 110
96 111
96 127
96 128
96 129
96 130
96 131
96 132
96 133
96 134
96 135
96 136
96 137
96 138
96 139
96 140
96 141
96 142
96 143
96 144
96 145
96 146
96 147
96 186
96 187
96 188
96 189
96 190
96 191
96 192
96 193
96 194
96 195
96 196
96 197
96 198
96 199
96 200
96 201
96 202
96 203
96 204
96 205
96 206
96 207
96 208
96 209
96 210
96 211
96 212
96 213
96 214
96 215
96 216
96 217
96 218
96 219
96 220
96 221
96 222
96 223
96 224
96 225
96 226
96 227
96 228
96 229
96 230
96 231
96 232
96 233
96 234
96 235
96 236
96 237
96 238
96 239
96 240
96 241
96 242
96 243
96 244
96 245
96 246
96 247
96 248
96 249
96 250
96 251
96 252
96 253
96 254
96 255
96 256
96 257
96 258
96 259
96 260
96 261
96 262
96 263
96 264
96 265
96 266
96 267
96 268
96 269
96 270
96 271
96 272
96 273
96 274
96 275
96 276
96 277
96 278
96 279
96 280
96 281
96 282
96 283
96 284
96 285
96 286
96 287
96 288
96 289
96 290
96 291
96 292
96 293
96 294
96 295
96 296
96 319
96 320
96 321
96 322
96 323
96 369
96 370
96 371
96 372
96 373
96 374
96 375
96 497
96 498
96 499
96 500
96 501
97 59
97 60
97 61
97 62
97 63
97 64
97 89
97 90
97 91
97 92
97 93
97 94
97 95
97 96
97 97
97 98
97 99
97 100
97 101
97 102
97 103
97 104
97 105
97 106
97 107
97 127
97 128
97 129
97 130
97 131
97 132
97 133
97 134
97 135
97 136
97 137
97 138
97 139
97 140
97 141
97 142
97 185
97 186
97 187
97 188
97 189
97 190
97 191
97 192
97 193
97 194
97 195
97 196
97 197
97 198
97 199
97 200
97 201
97 202
97 203
97 204
97 205
97 206
97 207
97 208
97 209
97 210
97 211
97 212
97 213
97 214
97 215
97 216
97 217
97 218
97 219
97 220
97 221
97 222
97 223
97 224
97 225
97 226
97 227
97 228
97 229
97 230
97 231
97 232
97 233
97 234
97 235
97 236
97 237
97 238
97 239
97 240
97 241
97 242
97 243
97 244
97 245
97 246
97 247
97 248
97 249
97 250
97 251
97 252
97 253
97 254
97 255
97 256
97 257
97 258
97 259
97 260
97 261
97 262
97 263
97 264
97 265
97 266
97 267
97 268
97 269
97 270
97 271
97 272
97 273
97 274
97 275
97 276
97 277
97 278
97 279
97 280
97 281
97 282
97 283
97 284
97 285
97 286
97 287
97 288
97 289
97 290
97 291
97 292
97 293
97 294
97 295
97 296
97 297
97 298
97 320
97 321
97 322
97 323
97 324
97 370
97 371
97 372
97 373
97 374
97 375
97 497
97 498
97 499
97 500
97 501
98 60
98 61
98 62
98 63
98 64
98 85
98 86
98 87
98 88
98 89
98 90
98 91
98 92
98 93
98 94
98 95
98 96
98 97
98 98
98 99
98 100
98 101
98 102
98 103
98 127
98 128
98 129
98 130
98 131
98 132
98 133
98 186
98 187
98 188
98 189
98 190
98 191
98 192
98 193
98 194
98 195
98 196
98 197
98 198
98 199
98 200
98 201
98 202
98 203
98 204
98 205
98 206
98 207
98 208
98 209
98 210
98 211
98 212
98 213
98 214
98 215
98 216
98 217
98 218
98 219
98 220
98 221
98 222
98 223
98 224
98 225
98 226
98 227
98 228
98 229
98 230
98 231
98 232
98 233
98 234
98 235
98 236
98 237
98 238
98 239
98 240
98 241
98 242
98 243
98 244
98 245
98 246
98 247
98 248
98 249
98 250
98 251
98 252
98 253
98 254
98 255
98 256
98 257
98 258
98 259
98 260
98 261
98 262
98 263
98 264
98 265
98 266
98 267
98 268
98 269
98 270
98 271
98 272
98 273
98 274
98 275
98 276
98 277
98 278
98 279
98 280
98 281
98 282
98 283
98 284
98 285
98 286
98 287
98 288
98 289
98 290
98 291
98 292
98 293
98 294
98 295
98 296
98 297
98 298
98 299
98 300
98 320
98 321
98 322
98 323
98 324
98 371
98 372
98 373
98 374
98 375
98 376
98 497
98 498
98 499
98 500
98 501
99 60
99 61
99 62
99 63
99 64
99 65
99 81
99 82
99 83
99 84
99 85
99 86
99 87
99 88
99 89
99 90
99 91
99 92
99 93
99 94
99 95
99 96
99 97
99 98
99 99
99 100
99 127
99 128
99 129
99 130
99 131
99 186
99 187
99 188
99 189
99 190
99 191
99 192
99 193
99 194
99 195
99 196
99 197
99 198
99 199
99 200
99 201
99 202
99 203
99 204
99 205
99 206
99 207
99 208
99 209
99 210
99 211
99 212
99 213
99 214
99 215
99 216
99 217
99 218
99 219
99 220
99 221
99 222
99 223
99 224
99 225
99 226
99 227
99 228
99 229
99 230
99 231
99 232
99 233
99 234
99 235
99 236
99 237
99 238
99 239
99 240
99 241
99 242
99 243
99 244
99 245
99 246
99 247
99 248
99 249
99 250
99 251
99 252
99 253
99 254
99 255
99 256
99 257
99 258
99 259
99 260
99 261
99 262
99 263
99 264
99 265
99 266
99 267
99 268
99 269
99 270
99 271
99 272
99 273
99 274
99 275
99 276
99 277
99 278
99 279
99 280
99 281
99 282
99 283
99 284
99 285
99 286
99 287
99 288
99 289
99 290
99 291
99 292
99 293
99 294
99 295
99 296
99 297
99 298
99 299
99 300
99 301
99 320
99 321
99 322
99 323
99 324
99 372
99 373
99 374
99 375
99 376
99 377
99 497
99 498
99 499
99 500
99 501
100 61
100 62
100 63
100 64
100 65
100 77
100 78
100 79
100 80
100 81
100 82
100 83
100 84
100 85
100 86
100 87
100 88
100 89
100 90
100 91
100 92
100 93
100 94
100 95
100 96
100 127
100 128
100 129
100 130
100 131
100 186
100 187
100 188
100 189
100 190
100 191
100 192
100 193
100 194
100 195
100 196
100 197
100 198
100 199
100 200
100 201
100 202
100 203
100 204
100 205
100 206
100 207
100 208
100 209
100 210
100 211
100 212
100 213
100 214
100 215
100 216
100 217
100 218
100 219
100 220
100 221
100 222
100 223
100 224
100 225
100 226
100 227
100 228
100 229
100 230
100 231
100 232
100 233
100 234
100 235
100 236
100 237
100 238
100 239
100 240
100 241
100 242
100 243
100 244
100 245
100 246
100 247
100 248
100 249
100 250
100 251
100 252
100 253
100 254
100 255
100 256
100 257
100 258
100 259
100 260
100 261
100 262
100 263
100 264
100 265
100 266
100 267
100 268
100 269
100 270
100 271
100 272
100 273
100 274
100 275
100 276
100 277
100 278
100 279
100 280
100 281
100 282
100 283
100 284
100 285
100 286
100 287
100 288
100 289
100 290
100 291
100 292
100 293
100 294
100 295
100 296
100 297
100 298
100 299
100 300
100 301
100 302
100 303
100 320
100 321
100 322
100 323
100 324
100 372
100 373
100 374
100 375
100 376
100 377
100 497
100 498
100 499
100 500
100 501
101 61
101 62
101 63
101 64
101 65
101 66
101 73
101 74
101 75
101 76
101 77
101 78
101 79
101 80
101 81
101 82
101 83
101 84
101 85
101 86
101 87
101 88
101 89
101 90
101 91
101 92
101 127
101 128
101 129
101 130
101 131
101 186
101 187
101 188
101 296
101 297
101 298
101 299
101 300
101 301
101 302
101 303
101 304
101 321
101 322
101 323
101 324
101 325
101 373
101 374
101 375
101 376
101 377
101 378
101 497
101 498
101 499
101 500
101 501
102 62
102 63
102 64
102 65
102 66
102 69
102 70
102 71
102 72
102 73
102 74
102 75
102 76
102 77
102 78
102 79
102 80
102 81
102 82
102 83
102 84
102 85
102 86
102 87
102 88
102 127
102 128
102 129
102 130
102 131
102 186
102 187
102 188
102 298
102 299
102 300
102 301
102 302
102 303
102 304
102 305
102 306
102 321
102 322
102 323
102 324
102 325
102 374
102 375
102 376
102 377
102 378
102 497
102 498
102 499
102 500
102 501
103 62
103 63
103 64
103 65
103 66
103 67
103 68
103 69
103 70
103 71
103 72
103 73
103 74
103 75
103 76
103 77
103 78
103 79
103 80
103 81
103 82
103 83
103 84
103 127
103 128
103 129
103 130
103 131
103 186
103 187
103 188
103 299
103 300
103 301
103 302
103 303
103 304
103 305
103 306
103 307
103 308
103 321
103 322
103 323
103 324
103 325
103 374
103 375
103 376
103 377
103 378
103 379
103 497
103 498
103 499
103 500
103 501
104 62
104 63
104 64
104 65
104 66
104 67
104 68
104 69
104 70
104 71
104 72
104 73
104 74
104 75
104 76
104 77
104 78
104 79
104 80
104 127
104 128
104 129
104 130
104 131
104 186
104 187
104 188
104 301
104 302
104 303
104 304
104 305
104 306
104 307
104 308
104 309
104 321
104 322
104 323
104 324
104 325
104 375
104 376
104 377
104 378
104 379
104 497
104 498
104 499
104 500
104 501
105 63
105 64
105 65
105 66
105 67
105 68
105 69
105 70
105 71
105 72
105 73
105 74
105 75
105 76
105 77
105 127
105 128
105 129
105 130
105 131
105 186
105 187
105 188
105 302
105 303
105 304
105 305
105 306
105 307
105 308
105 309
105 310
105 311
105 321
105 322
105 323
105 324
105 325
105 326
105 375
105 376
105 377
105 378
105 379
105 380
105 497
105 498
105 499
105 500
105 501
106 63
106 64
106 65
106 66
106 67
106 68
106 69
106 70
106 71
106 72
106 73
106 127
106 128
106 129
106 130
106 186
106 187
106 188
106 304
106 305
106 306
106 307
106 308
106 309
106 310
106 311
106 312
106 322
106 323
106 324
106 325
106 326
106 376
106 377
106 378
106 379
106 380
106 497
106 498
106 499
106 500
106 501
107 64
107 65
107 66
107 67
107 68
107 69
107 126
107 127
107 128
107 129
107 130
107 186
107 187
107 188
107 306
107 307
107 308
107 309
107 310
107 311
107 312
107 313
107 314
107 322
107 323
107 324
107 325
107 326
107 376
107 377
107 378
107 379
107 380
107 381
107 497
107 498
107 499
107 500
107 501
108 126
108 127
108 128
108 129
108 130
108 186
108 187
108 188
108 307
108 308
108 309
108 310
108 311
108 312
108 313
108 314
108 315
108 322
108 323
108 324
108 325
108 326
108 377
108 378
108 379
108 380
108 381
108 497
108 498
108 499
108 500
108 501
109 126
109 127
109 128
109 129
109 130
109 186
109 187
109 188
109 309
109 310
109 311
109 312
109 313
109 314
109 315
109 316
109 317
109 322
109 323
109 324
109 325
109 326
109 377
109 378
109 379
109 380
109 381
109 497
109 498
109 499
109 500
109 501
110 126
110 127
110 128
110 129
110 130
110 186
110 187
110 188
110 227
110 228
110 229
110 230
110 231
110 232
110 233
110 234
110 235
110 236
110 237
110 238
110 239
110 240
110 241
110 242
110 243
110 244
110 245
110 246
110 247
110 248
110 249
110 250
110 251
110 252
110 253
110 254
110 255
110 256
110 257
110 258
110 259
110 260
110 261
110 262
110 263
110 264
110 265
110 266
110 267
110 268
110 269
110 270
110 271
110 272
110 273
110 274
110 275
110 276
110 277
110 278
110 279
110 280
110 281
110 282
110 283
110 284
110 285
110 286
110 287
110 288
110 289
110 290
110 291
110 292
110 310
110 311
110 312
110 313
110 314
110 315
110 316
110 317
110 318
110 319
110 323
110 324
110 325
110 326
110 327
110 377
110 378
110 379
110 380
110 381
110 382
110 497
110 498
110 499
110 500
110 501
111 126
111 127
111 128
111 129
111 130
111 186
111 187
111 188
111 226
111 227
111 228
111 229
111 230
111 231
111 232
111 233
111 234
111 235
111 236
111 237
111 238
111 239
111 240
111 241
111 242
111 243
111 244
111 245
111 246
111 247
111 248
111 249
111 250
111 251
111 252
111 253
111 254
111 255
111 256
111 257
111 258
111 259
111 260
111 261
111 262
111 263
111 264
111 265
111 266
111 267
111 268
111 269
111 270
111 271
111 272
111 273
111 274
111 275
111 276
111 277
111 278
111 279
111 280
111 281
111 282
111 283
111 284
111 285
111 286
111 287
111 288
111 289
111 290
111 291
111 292
111 312
111 313
111 314
111 315
111 316
111 317
111 318
111 319
111 320
111 323
111 324
111 325
111 326
111 327
111 378
111 379
111 380
111 381
111 382
111 497
111 498
111 499
111 500
111 501
112 126
112 127
112 128
112 129
112 130
112 186
112 187
112 188
112 226
112 227
112 228
112 229
112 230
112 231
112 232
112 233
112 234
112 235
112 236
112 237
112 238
112 239
112 240
112 241
112 242
112 243
112 244
112 245
112 246
112 247
112 248
112 249
112 250
112 251
112 252
112 253
112 254
112 255
112 256
112 257
112 258
112 259
112 260
112 261
112 262
112 263
112 264
112 265
112 266
112 267
112 268
112 269
112 270
112 271
112 272
112 273
112 274
112 275
112 276
112 277
112 278
112 279
112 280
112 281
112 282
112 283
112 284
112 285
112 286
112 287
112 288
112 289
112 290
112 291
112 292
112 313
112 314
112 315
112 316
112 317
112 318
112 319
112 320
112 321
112 322
112 323
112 324
112 325
112 326
112 327
112 378
112 379
112 380
112 381
112 382
112 497
112 498
112 499
112 500
112 501
113 126
113 127
113 128
113 129
113 130
113 186
113 187
113 188
113 226
113 227
113 228
113 229
113 230
113 231
113 232
113 233
113 234
113 235
113 236
113 237
113 238
113 239
113 240
113 241
113 242
113 243
113 244
113 245
113 246
113 247
113 248
113 249
113 250
113 251
113 252
113 253
113 254
113 255
113 256
113 257
113 258
113 259
113 260
113 261
113 262
113 263
113 264
113 265
113 266
113 267
113 268
113 269
113 270
113 271
113 272
113 273
113 274
113 275
113 276
113 277
113 278
113 279
113 280
113 281
113 282
113 283
113 284
113 285
113 286
113 287
113 288
113 289
113 290
113 291
113 292
113 315
113 316
113 317
113 318
113 319
113 320
113 321
113 322
113 323
113 324
113 325
113 326
113 327
113 378
113 379
113 380
113 381
113 382
113 497
113 498
113 499
113 500
113 501
114 126
114 127
114 128
114 129
114 130
114 186
114 187
114 188
114 226
114 227
114 228
114 229
114 230
114 231
114 232
114 233
114 234
114 235
114 236
114 237
114 238
114 239
114 240
114 241
114 242
114 243
114 244
114 245
114 246
114 247
114 248
114 249
114 250
114 251
114 252
114 253
114 254
114 255
114 256
114 257
114 258
114 259
114 260
114 261
114 262
114 263
114 264
114 265
114 266
114 267
114 268
114 269
114 270
114 271
114 272
114 273
114 274
114 275
114 276
114 277
114 278
114 279
114 280
114 281
114 282
114 283
114 284
114 285
114 286
114 287
114 288
114 289
114 290
114 291
114 317
114 318
114 319
114 320
114 321
114 322
114 323
114 324
114 325
114 326
114 327
114 328
114 379
114 380
114 381
114 382
114 383
114 497
114 498
114 499
114 500
114 501
115 126
115 127
115 128
115 129
115 130
115 186
115 187
115 188
115 226
115 227
115 228
115 229
115 230
115 286
115 287
115 288
115 289
115 290
115 318
115 319
115 320
115 321
115 322
115 323
115 324
115 325
115 326
115 327
115 328
115 379
115 380
115 381
115 382
115 383
115 497
115 498
115 499
115 500
115 501
116 126
116 127
116 128
116 129
116 130
116 186
116 187
116 188
116 226
116 227
116 228
116 229
116 230
116 286
116 287
116 288
116 289
116 290
116 320
116 321
116 322
116 323
116 324
116 325
116 326
116 327
116 328
116 379
116 380
116 381
116 382
116 383
116 497
116 498
116 499
116 500
116 501
117 126
117 127
117 128
117 129
117 130
117 186
117 187
117 188
117 226
117 227
117 228
117 229
117 230
117 286
117 287
117 288
117 289
117 290
117 321
117 322
117 323
117 324
117 325
117 326
117 327
117 328
117 379
117 380
117 381
117 382
117 383
117 497
117 498
117 499
117 500
117 501
118 126
118 127
118 128
118 129
118 130
118 186
118 187
118 188
118 226
118 227
118 228
118 229
118 230
118 286
118 287
118 288
118 289
118 290
118 323
118 324
118 325
118 326
118 327
118 379
118 380
118 381
118 382
118 383
118 497
118 498
118 499
118 500
118 501
119 126
119 127
119 128
119 129
119 130
119 186
119 187
119 188
119 226
119 227
119 228
119 229
119 230
119 286
119 287
119 288
119 289
119 290
119 380
119 381
119 382
119 383
119 384
119 497
119 498
119 499
119 500
119 501
120 126
120 127
120 128
120 129
120 130
120 186
120 187
120 188
120 226
120 227
120 228
120 229
120 230
120 285
120 286
120 287
120 288
120 289
120 380
120 381
120 382
120 383
120 384
120 497
120 498
120 499
120 500
120 501
121 126
121 127
121 128
121 129
121 130
121 186
121 187
121 188
121 226
121 227
121 228
121 229
121 230
121 285
121 286
121 287
121 288
121 289
121 380
121 381
121 382
121 383
121 384
121 497
121 498
121 499
121 500
121 501
122 126
122 127
122 128
122 129
122 130
122 186
122 187
122 188
122 226
122 227
122 228
122 229
122 230
122 285
122 286
122 287
122 288
122 289
122 380
122 381
122 382
122 383
122 384
122 497
122 498
122 499
122 500
122 501
123 126
123 127
123 128
123 129
123 186
123 187
123 188
123 226
123 227
123 228
123 229
123 230
123 285
123 286
123 287
123 288
123 289
123 380
123 381
123 382
123 383
123 384
123 497
123 498
123 499
123 500
123 501
124 125
124 126
124 127
124 128
124 129
124 186
124 187
124 188
124 226
124 227
124 228
124 229
124 230
124 285
124 286
124 287
124 288
124 289
124 380
124 381
124 382
124 383
124 384
124 497
124 498
124 499
124 500
124 501
125 125
125 126
125 127
125 128
125 129
125 186
125 187
125 188
125 226
125 227
125 228
125 229
125 230
125 285
125 286
125 287
125 288
125 289
125 380
125 381
125 382
125 383
125 384
125 496
125 497
125 498
125 499
125 500
125 501
126 125
126 126
126 127
126 128
126 129
126 186
126 187
126 188
126 226
126 227
126 228
126 229
126 230
126 285
126 286
126 287
126 288
126 289
126 380
126 381
126 382
126 383
126 384
126 496
126 497
126 498
126 499
126 500
126 501
127 125
127 126
127 127
127 128
127 129
127 186
127 187
127 188
127 226
127 227
127 228
127 229
127 230
127 285
127 286
127 287
127 288
127 289
127 380
127 381
127 382
127 383
127 384
127 495
127 496
127 497
127 498
127 499
127 500
128 125
128 126
128 127
128 128
128 129
128 186
128 187
128 188
128 226
128 227
128 228
128 229
128 230
128 285
128 286
128 287
128 288
128 289
128 380
128 381
128 382
128 383
128 384
128 495
128 496
128 497
128 498
128 499
129 125
129 126
129 127
129 128
129 129
129 186
129 187
129 188
129 226
129 227
129 228
129 229
129 230
129 285
129 286
129 287
129 288
129 289
129 380
129 381
129 382
129 383
129 384
129 494
129 495
129 496
129 497
129 498
129 499
130 125
130 126
130 127
130 128
130 129
130 186
130 187
130 188
130 226
130 227
130 228
130 229
130 230
130 285
130 286
130 287
130 288
130 289
130 380
130 381
130 382
130 383
130 384
130 494
130 495
130 496
130 497
130 498
130 499
131 125
131 126
131 127
131 128
131 129
131 186
131 187
131 188
131 226
131 227
131 228
131 229
131 230
131 285
131 286
131 287
131 288
131 289
131 380
131 381
131 382
131 383
131 384
131 494
131 495
131 496
131 497
131 498
132 125
132 126
132 127
132 128
132 129
132 186
132 187
132 188
132 226
132 227
132 228
132 229
132 230
132 285
132 286
132 287
132 288
132 289
132 290
132 380
132 381
132 382
132 383
132 384
132 493
132 494
132 495
132 496
132 497
132 498
133 125
133 126
133 127
133 128
133 129
133 186
133 187
133 188
133 226
133 227
133 228
133 229
133 230
133 286
133 287
133 288
133 289
133 290
133 379
133 380
133 381
133 382
133 383
133 493
133 494
133 495
133 496
133 497
134 125
134 126
134 127
134 128
134 186
134 187
134 188
134 226
134 227
134 228
134 229
134 230
134 286
134 287
134 288
134 289
134 290
134 379
134 380
134 381
134 382
134 383
134 492
134 493
134 494
134 495
134 496
134 497
135 124
135 125
135 126
135 127
135 128
135 186
135 187
135 188
135 204
135 205
135 206
135 207
135 208
135 209
135 210
135 211
135 212
135 213
135 214
135 215
135 216
135 217
135 218
135 219
135 220
135 221
135 222
135 223
135 224
135 225
135 226
135 227
135 228
135 229
135 230
135 286
135 287
135 288
135 289
135 290
135 379
135 380
135 381
135 382
135 383
135 492
135 493
135 494
135 495
135 496
136 124
136 125
136 126
136 127
136 128
136 186
136 187
136 188
136 203
136 204
136 205
136 206
136 207
136 208
136 209
136 210
136 211
136 212
136 213
136 214
136 215
136 216
136 217
136 218
136 219
136 220
136 221
136 222
136 223
136 224
136 225
136 226
136 227
136 228
136 229
136 230
136 286
136 287
136 288
136 289
136 290
136 379
136 380
136 381
136 382
136 383
136 491
136 492
136 493
136 494
136 495
136 496
137 124
137 125
137 126
137 127
137 128
137 186
137 187
137 188
137 203
137 204
137 205
137 206
137 207
137 208
137 209
137 210
137 211
137 212
137 213
137 214
137 215
137 216
137 217
137 218
137 219
137 220
137 221
137 222
137 223
137 224
137 225
137 226
137 227
137 228
137 229
137 230
137 286
137 287
137 288
137 289
137 290
137 379
137 380
137 381
137 382
137 383
137 491
137 492
137 493
137 494
137 495
138 124
138 125
138 126
138 127
138 128
138 186
138 187
138 188
138 203
138 204
138 205
138 206
138 207
138 208
138 209
138 210
138 211
138 212
138 213
138 214
138 215
138 216
138 217
138 218
138 219
138 220
138 221
138 222
138 223
138 224
138 225
138 226
138 227
138 228
138 229
138 230
138 287
138 288
138 289
138 290
138 291
138 378
138 379
138 380
138 381
138 382
138 490
138 491
138 492
138 493
138 494
138 495
139 124
139 125
139 126
139 127
139 128
139 186
139 187
139 188
139 204
139 205
139 206
139 207
139 208
139 209
139 210
139 211
139 212
139 213
139 214
139 215
139 216
139 217
139 218
139 219
139 220
139 221
139 222
139 223
139 224
139 225
139 226
139 227
139 228
139 229
139 230
139 287
139 288
139 289
139 290
139 291
139 378
139 379
139 380
139 381
139 382
139 490
139 491
139 492
139 493
139 494
140 124
140 125
140 126
140 127
140 128
140 186
140 187
140 188
140 226
140 227
140 228
140 229
140 230
140 287
140 288
140 289
140 290
140 291
140 378
140 379
140 380
140 381
140 382
140 489
140 490
140 491
140 492
140 493
140 494
141 123
141 124
141 125
141 126
141 127
141 128
141 186
141 187
141 188
141 226
141 227
141 228
141 229
141 230
141 287
141 288
141 289
141 290
141 291
141 292
141 377
141 378
141 379
141 380
141 381
141 382
141 489
141 490
141 491
141 492
141 493
141 494
142 123
142 124
142 125
142 126
142 127
142 186
142 187
142 188
142 226
142 227
142 228
142 229
142 230
142 288
142 289
142 290
142 291
142 292
142 377
142 378
142 379
142 380
142 381
142 489
142 490
142 491
142 492
142 493
143 123
143 124
143 125
143 126
143 127
143 186
143 187
143 188
143 226
143 227
143 228
143 229
143 230
143 288
143 289
143 290
143 291
143 292
143 377
143 378
143 379
143 380
143 381
143 488
143 489
143 490
143 491
143 492
143 493
144 123
144 124
144 125
144 126
144 127
144 186
144 187
144 188
144 226
144 227
144 228
144 229
144 230
144 288
144 289
144 290
144 291
144 292
144 293
144 376
144 377
144 378
144 379
144 380
144 381
144 488
144 489
144 490
144 491
144 492
145 123
145 124
145 125
145 126
145 127
145 186
145 187
145 188
145 226
145 227
145 228
145 229
145 230
145 289
145 290
145 291
145 292
145 293
145 376
145 377
145 378
145 379
145 380
145 487
145 488
145 489
145 490
145 491
145 492
146 123
146 124
146 125
146 126
146 127
146 186
146 187
146 188
146 226
146 227
146 228
146 229
146 230
146 289
146 290
146 291
146 292
146 293
146 294
146 375
146 376
146 377
146 378
146 379
146 380
146 487
146 488
146 489
146 490
146 491
147 122
147 123
147 124
147 125
147 126
147 127
147 186
147 187
147 188
147 226
147 227
147 228
147 229
147 230
147 290
147 291
147 292
147 293
147 294
147 375
147 376
147 377
147 378
147 379
147 486
147 487
147 488
147 489
147 490
147 491
148 122
148 123
148 124
148 125
148 126
148 186
148 187
148 188
148 226
148 227
148 228
148 229
148 230
148 290
148 291
148 292
148 293
148 294
148 295
148 374
148 375
148 376
148 377
148 378
148 379
148 486
148 487
148 488
148 489
148 490
149 122
149 123
149 124
149 125
149 126
149 186
149 187
149 188
149 226
149 227
149 228
149 229
149 230
149 291
149 292
149 293
149 294
149 295
149 374
149 375
149 376
149 377
149 378
149 485
149 486
149 487
149 488
149 489
149 490
150 122
150 123
150 124
150 125
150 126
150 186
150 187
150 188
150 226
150 227
150 228
150 229
150 230
150 291
150 292
150 293
150 294
150 295
150 296
150 373
150 374
150 375
150 376
150 377
150 378
150 485
150 486
150 487
150 488
150 489
151 122
151 123
151 124
151 125
151 126
151 186
151 187
151 188
151 226
151 227
151 228
151 229
151 230
151 292
151 293
151 294
151 295
151 296
151 297
151 372
151 373
151 374
151 375
151 376
151 377
151 485
151 486
151 487
151 488
151 489
152 121
152 122
152 123
152 124
152 125
152 186
152 187
152 188
152 226
152 227
152 228
152 229
152 230
152 292
152 293
152 294
152 295
152 296
152 297
152 372
152 373
152 374
152 375
152 376
152 377
152 484
152 485
152 486
152 487
152 488
152 489
153 121
153 122
153 123
153 124
153 125
153 186
153 187
153 188
153 226
153 227
153 228
153 229
153 230
153 293
153 294
153 295
153 296
153 297
153 298
153 371
153 372
153 373
153 374
153 375
153 376
153 484
153 485
153 486
153 487
153 488
154 121
154 122
154 123
154 124
154 125
154 186
154 187
154 188
154 226
154 227
154 228
154 229
154 230
154 294
154 295
154 296
154 297
154 298
154 299
154 370
154 371
154 372
154 373
154 374
154 375
154 376
154 483
154 484
154 485
154 486
154 487
154 488
155 121
155 122
155 123
155 124
155 125
155 186
155 187
155 188
155 226
155 227
155 228
155 229
155 230
155 294
155 295
155 296
155 297
155 298
155 299
155 300
155 369
155 370
155 371
155 372
155 373
155 374
155 375
155 483
155 484
155 485
155 486
155 487
156 120
156 121
156 122
156 123
156 124
156 186
156 187
156 188
156 226
156 227
156 228
156 229
156 230
156 295
156 296
156 297
156 298
156 299
156 300
156 301
156 369
156 370
156 371
156 372
156 373
156 374
156 482
156 483
156 484
156 485
156 486
156 487
157 120
157 121
157 122
157 123
157 124
157 186
157 187
157 188
157 226
157 227
157 228
157 229
157 230
157 296
157 297
157 298
157 299
157 300
157 301
157 368
157 369
157 370
157 371
157 372
157 373
157 482
157 483
157 484
157 485
157 486
158 120
158 121
158 122
158 123
158 124
158 186
158 187
158 188
158 226
158 227
158 228
158 229
158 230
158 297
158 298
158 299
158 300
158 301
158 302
158 367
158 368
158 369
158 370
158 371
158 372
158 481
158 482
158 483
158 484
158 485
158 486
159 119
159 120
159 121
159 122
159 123
159 186
159 187
159 188
159 226
159 227
159 228
159 229
159 230
159 298
159 299
159 300
159 301
159 302
159 303
159 366
159 367
159 368
159 369
159 370
159 371
159 372
159 481
159 482
159 483
159 484
159 485
159 486
160 119
160 120
160 121
160 122
160 123
160 186
160 187
160 188
160 226
160 227
160 228
160 229
160 230
160 298
160 299
160 300
160 301
160 302
160 303
160 304
160 365
160 366
160 367
160 368
160 369
160 370
160 371
160 481
160 482
160 483
160 484
160 485
161 119
161 120
161 121
161 122
161 123
161 186
161 187
161 188
161 226
161 227
161 228
161 229
161 230
161 299
161 300
161 301
161 302
161 303
161 304
161 305
161 306
161 363
161 364
161 365
161 366
161 367
161 368
161 369
161 370
161 480
161 481
161 482
161 483
161 484
161 485
162 118
162 119
162 120
162 121
162 122
162 186
162 187
162 188
162 226
162 227
162 228
162 229
162 230
162 300
162 301
162 302
162 303
162 304
162 305
162 306
162 307
162 362
162 363
162 364
162 365
162 366
162 367
162 368
162 369
162 480
162 481
162 482
162 483
162 484
163 118
163 119
163 120
163 121
163 122
163 186
163 187
163 188
163 226
163 227
163 228
163 229
163 230
163 301
163 302
163 303
163 304
163 305
163 306
163 307
163 308
163 361
163 362
163 363
163 364
163 365
163 366
163 367
163 368
163 479
163 480
163 481
163 482
163 483
163 484
164 117
164 118
164 119
164 120
164 121
164 122
164 186
164 187
164 188
164 226
164 227
164 228
164 229
164 230
164 303
164 304
164 305
164 306
164 307
164 308
164 309
164 360
164 361
164 362
164 363
164 364
164 365
164 366
164 367
164 479
164 480
164 481
164 482
164 483
165 117
165 118
165 119
165 120
165 121
165 186
165 187
165 188
165 226
165 227
165 228
165 229
165 230
165 304
165 305
165 306
165 307
165 308
165 309
165 310
165 311
165 358
165 359
165 360
165 361
165 362
165 363
165 364
165 365
165 478
165 479
165 480
165 481
165 482
165 483
166 116
166 117
166 118
166 119
166 120
166 121
166 186
166 187
166 188
166 226
166 227
166 228
166 229
166 230
166 305
166 306
166 307
166 308
166 309
166 310
166 311
166 312
166 313
166 356
166 357
166 358
166 359
166 360
166 361
166 362
166 363
166 364
166 478
166 479
166 480
166 481
166 482
167 116
167 117
167 118
167 119
167 120
167 186
167 187
167 188
167 226
167 227
167 228
167 229
167 230
167 306
167 307
167 308
167 309
167 310
167 311
167 312
167 313
167 314
167 315
167 354
167 355
167 356
167 357
167 358
167 359
167 360
167 361
167 362
167 363
167 477
167 478
167 479
167 480
167 481
167 482
168 115
168 116
168 117
168 118
168 119
168 120
168 186
168 187
168 188
168 226
168 227
168 228
168 229
168 230
168 307
168 308
168 309
168 310
168 311
168 312
168 313
168 314
168 315
168 316
168 317
168 352
168 353
168 354
168 355
168 356
168 357
168 358
168 359
168 360
168 361
168 362
168 477
168 478
168 479
168 480
168 481
169 115
169 116
169 117
169 118
169 119
169 186
169 187
169 188
169 226
169 227
169 228
169 229
169 230
169 309
169 310
169 311
169 312
169 313
169 314
169 315
169 316
169 317
169 318
169 319
169 350
169 351
169 352
169 353
169 354
169 355
169 356
169 357
169 358
169 359
169 360
169 476
169 477
169 478
169 479
169 480
169 481
170 114
170 115
170 116
170 117
170 118
170 119
170 186
170 187
170 188
170 226
170 227
170 228
170 229
170 230
170 311
170 312
170 313
170 314
170 315
170 316
170 317
170 318
170 319
170 320
170 321
170 322
170 323
170 346
170 347
170 348
170 349
170 350
170 351
170 352
170 353
170 354
170 355
170 356
170 357
170 358
170 475
170 476
170 477
170 478
170 479
170 480
171 114
171 115
171 116
171 117
171 118
171 186
171 187
171 188
171 226
171 227
171 228
171 229
171 230
171 313
171 314
171 315
171 316
171 317
171 318
171 319
171 320
171 321
171 322
171 323
171 324
171 325
171 326
171 327
171 342
171 343
171 344
171 345
171 346
171 347
171 348
171 349
171 350
171 351
171 352
171 353
171 354
171 355
171 356
171 357
171 475
171 476
171 477
171 478
171 479
171 480
172 113
172 114
172 115
172 116
172 117
172 118
172 186
172 187
172 188
172 226
172 227
172 228
172 229
172 230
172 315
172 316
172 317
172 318
172 319
172 320
172 321
172 322
172 323
172 324
172 325
172 326
172 327
172 328
172 329
172 330
172 331
172 332
172 333
172 334
172 335
172 336
172 337
172 338
172 339
172 340
172 341
172 342
172 343
172 344
172 345
172 346
172 347
172 348
172 349
172 350
172 351
172 352
172 353
172 354
172 355
172 474
172 475
172 476
172 477
172 478
172 479
173 113
173 114
173 115
173 116
173 117
173 186
173 187
173 188
173 226
173 227
173 228
173 229
173 230
173 231
173 232
173 233
173 234
173 235
173 236
173 237
173 238
173 239
173 240
173 241
173 242
173 243
173 244
173 245
173 246
173 247
173 248
173 249
173 250
173 251
173 252
173 253
173 254
173 255
173 256
173 257
173 258
173 259
173 260
173 261
173 262
173 263
173 264
173 265
173 266
173 267
173 268
173 269
173 270
173 271
173 272
173 273
173 274
173 275
173 276
173 277
173 278
173 279
173 280
173 281
173 282
173 283
173 284
173 285
173 286
173 287
173 288
173 289
173 290
173 291
173 292
173 293
173 294
173 295
173 296
173 297
173 298
173 299
173 300
173 301
173 302
173 303
173 304
173 305
173 306
173 307
173 308
173 309
173 310
173 311
173 312
173 313
173 314
173 315
173 316
173 317
173 318
173 319
173 320
173 321
173 322
173 323
173 324
173 325
173 326
173 327
173 328
173 329
173 330
173 331
173 332
173 333
173 334
173 335
173 336
173 337
173 338
173 339
173 340
173 341
173 342
173 343
173 344
173 345
173 346
173 347
173 348
173 349
173 350
173 351
173 352
173 353
173 354
173 355
173 356
173 357
173 358
173 359
173 360
173 361
173 362
173 363
173 364
173 365
173 366
173 367
173 368
173 369
173 370
173 371
173 372
173 373
173 374
173 375
173 376
173 377
173 378
173 379
173 380
173 381
173 382
173 383
173 384
173 385
173 386
173 387
173 388
173 389
173 390
173 391
173 392
173 393
173 394
173 395
173 396
173 397
173 398
173 399
173 400
173 401
173 402
173 403
173 404
173 405
173 406
173 407
173 408
173 409
173 410
173 411
173 412
173 413
173 414
173 415
173 416
173 417
173 418
173 419
173 420
173 421
173 422
173 423
173 424
173 425
173 426
173 427
173 428
173 429
173 430
173 431
173 432
173 433
173 434
173 435
173 436
173 437
173 438
173 439
173 440
173 441
173 442
173 443
173 444
173 445
173 446
173 447
173 448
173 449
173 450
173 451
173 452
173 453
173 454
173 455
173 456
173 457
173 458
173 459
173 460
173 461
173 462
173 463
173 464
173 465
173 466
173 467
173 468
173 469
173 470
173 471
173 472
173 473
173 474
173 475
173 476
173 477
173 478
174 112
174 113
174 114
174 115
174 116
174 117
174 186
174 187
174 188
174 226
174 227
174 228
174 229
174 230
174 231
174 232
174 233
174 234
174 235
174 236
174 237
174 238
174 239
174 240
174 241
174 242
174 243
174 244
174 245
174 246
174 247
174 248
174 249
174 250
174 251
174 252
174 253
174 254
174 255
174 256
174 257
174 258
174 259
174 260
174 261
174 262
174 263
174 264
174 265
174 266
174 267
174 268
174 269
174 270
174 271
174 272
174 273
174 274
174 275
174 276
174 277
174 278
174 279
174 280
174 281
174 282
174 283
174 284
174 285
174 286
174 287
174 288
174 289
174 290
174 291
174 292
174 293
174 294
174 295
174 296
174 297
174 298
174 299
174 300
174 301
174 302
174 303
174 304
174 305
174 306
174 307
174 308
174 309
174 310
174 311
174 312
174 313
174 314
174 315
174 316
174 317
174 318
174 319
174 320
174 321
174 322
174 323
174 324
174 325
174 326
174 327
174 328
174 329
174 330
174 331
174 332
174 333
174 334
174 335
174 336
174 337
174 338
174 339
174 340
174 341
174 342
174 343
174 344
174 345
174 346
174 347
174 348
174 349
174 350
174 351
174 352
174 353
174 354
174 355
174 356
174 357
174 358
174 359
174 360
174 361
174 362
174 363
174 364
174 365
174 366
174 367
174 368
174 369
174 370
174 371
174 372
174 373
174 374
174 375
174 376
174 377
174 378
174 379
174 380
174 381
174 382
174 383
174 384
174 385
174 386
174 387
174 388
174 389
174 390
174 391
174 392
174 393
174 394
174 395
174 396
174 397
174 398
174 399
174 400
174 401
174 402
174 403
174 404
174 405
174 406
174 407
174 408
174 409
174 410
174 411
174 412
174 413
174 414
174 415
174 416
174 417
174 418
174 419
174 420
174 421
174 422
174 423
174 424
174 425
174 426
174 427
174 428
174 429
174 430
174 431
174 432
174 433
174 434
174 435
174 436
174 437
174 438
174 439
174 440
174 441
174 442
174 443
174 444
174 445
174 446
174 447
174 448
174 449
174 450
174 451
174 452
174 453
174 454
174 455
174 456
174 457
174 458
174 459
174 460
174 461
174 462
174 463
174 464
174 465
174 466
174 467
174 468
174 469
174 470
174 471
174 472
174 473
174 474
174 475
174 476
174 477
174 478
175 111
175 112
175 113
175 114
175 115
175 116
175 186
175 187
175 188
175 226
175 227
175 228
175 229
175 230
175 231
175 232
175 233
175 234
175 235
175 236
175 237
175 238
175 239
175 240
175 241
175 242
175 243
175 244
175 245
175 246
175 247
175 248
175 249
175 250
175 251
175 252
175 253
175 254
175 255
175 256
175 257
175 258
175 259
175 260
175 261
175 262
175 263
175 264
175 265
175 266
175 267
175 268
175 269
175 270
175 271
175 272
175 273
175 274
175 275
175 276
175 277
175 278
175 279
175 280
175 281
175 282
175 283
175 284
175 285
175 286
175 287
175 288
175 289
175 290
175 291
175 292
175 293
175 294
175 295
175 296
175 297
175 298
175 299
175 300
175 301
175 302
175 303
175 304
175 305
175 306
175 307
175 308
175 309
175 310
175 311
175 312
175 313
175 314
175 315
175 316
175 317
175 318
175 319
175 320
175 321
175 322
175 323
175 324
175 325
175 326
175 327
175 328
175 329
175 330
175 331
175 332
175 333
175 334
175 335
175 336
175 337
175 338
175 339
175 340
175 341
175 342
175 343
175 344
175 345
175 346
175 347
175 348
175 349
175 350
175 351
175 352
175 353
175 354
175 355
175 356
175 357
175 358
175 359
175 360
175 361
175 362
175 363
175 364
175 365
175 366
175 367
175 368
175 369
175 370
175 371
175 372
175 373
175 374
175 375
175 376
175 377
175 378
175 379
175 380
175 381
175 382
175 383
175 384
175 385
175 386
175 387
175 388
175 389
175 390
175 391
175 392
175 393
175 394
175 395
175 396
175 397
175 398
175 399
175 400
175 401
175 402
175 403
175 404
175 405
175 406
175 407
175 408
175 409
175 410
175 411
175 412
175 413
175 414
175 415
175 416
175 417
175 418
175 419
175 420
175 421
175 422
175 423
175 424
175 425
175 426
175 427
175 428
175 429
175 430
175 431
175 432
175 433
175 434
175 435
175 436
175 437
175 438
175 439
175 440
175 441
175 442
175 443
175 444
175 445
175 446
175 447
175 448
175 449
175 450
175 451
175 452
175 453
175 454
175 455
175 456
175 457
175 458
175 459
175 460
175 461
175 462
175 463
175 464
175 465
175 466
175 467
175 468
175 469
175 470
175 471
175 472
175 473
175 474
175 475
175 476
175 477
176 111
176 112
176 113
176 114
176 115
176 116
176 186
176 187
176 188
176 226
176 227
176 228
176 229
176 230
176 231
176 232
176 233
176 234
176 235
176 236
176 237
176 238
176 239
176 240
176 241
176 242
176 243
176 244
176 245
176 246
176 247
176 248
176 249
176 250
176 251
176 252
176 253
176 254
176 255
176 256
176 257
176 258
176 259
176 260
176 261
176 262
176 263
176 264
176 265
176 266
176 267
176 268
176 269
176 270
176 271
176 272
176 273
176 274
176 275
176 276
176 277
176 278
176 279
176 280
176 281
176 282
176 283
176 284
176 285
176 286
176 287
176 288
176 289
176 290
176 291
176 292
176 293
176 294
176 295
176 296
176 297
176 298
176 299
176 300
176 301
176 302
176 303
176 304
176 305
176 306
176 307
176 308
176 309
176 310
176 311
176 312
176 313
176 314
176 315
176 316
176 317
176 318
176 319
176 320
176 321
176 322
176 323
176 324
176 325
176 326
176 327
176 328
176 329
176 330
176 331
176 332
176 333
176 334
176 335
176 336
176 337
176 338
176 339
176 340
176 341
176 342
176 343
176 344
176 345
176 346
176 347
176 348
176 349
176 350
176 351
176 352
176 353
176 354
176 355
176 356
176 357
176 358
176 359
176 360
176 361
176 362
176 363
176 364
176 365
176 366
176 367
176 368
176 369
176 370
176 371
176 372
176 373
176 374
176 375
176 376
176 377
176 378
176 379
176 380
176 381
176 382
176 383
176 384
176 385
176 386
176 387
176 388
176 389
176 390
176 391
176 392
176 393
176 394
176 395
176 396
176 397
176 398
176 399
176 400
176 401
176 402
176 403
176 404
176 405
176 406
176 407
176 408
176 409
176 410
176 411
176 412
176 413
176 414
176 415
176 416
176 417
176 418
176 419
176 420
176 421
176 422
176 423
176 424
176 425
176 426
176 427
176 428
176 429
176 430
176 431
176 432
176 433
176 434
176 435
176 436
176 437
176 438
176 439
176 440
176 441
176 442
176 443
176 444
176 445
176 446
176 447
176 448
176 449
176 450
176 451
176 452
176 453
176 454
176 455
176 456
176 457
176 458
176 459
176 460
176 461
176 462
176 463
176 464
176 465
176 466
176 467
176 468
176 469
176 470
176 471
176 472
176 473
176 474
176 475
176 476
177 110
177 111
177 112
177 113
177 114
177 115
177 186
177 187
177 188
177 227
177 228
177 229
177 230
177 231
177 232
177 233
177 234
177 235
177 236
177 237
177 238
177 239
177 240
177 241
177 242
177 243
177 244
177 245
177 246
177 247
177 248
177 249
177 250
177 251
177 252
177 253
177 254
177 255
177 256
177 257
177 258
177 259
177 260
177 261
177 262
177 263
177 264
177 265
177 266
177 267
177 268
177 269
177 270
177 271
177 272
177 273
177 274
177 275
177 276
177 277
177 278
177 279
177 280
177 281
177 282
177 283
177 284
177 285
177 286
177 287
177 288
177 289
177 290
177 291
177 292
177 293
177 294
177 295
177 296
177 297
177 298
177 299
177 300
177 301
177 302
177 303
177 304
177 305
177 306
177 307
177 308
177 309
177 310
177 311
177 312
177 313
177 314
177 315
177 316
177 317
177 318
177 319
177 320
177 321
177 322
177 323
177 324
177 325
177 326
177 327
177 328
177 329
177 330
177 331
177 332
177 333
177 334
177 335
177 336
177 337
177 338
177 339
177 340
177 341
177 342
177 343
177 344
177 345
177 346
177 347
177 348
177 349
177 350
177 351
177 352
177 353
177 354
177 355
177 356
177 357
177 358
177 359
177 360
177 361
177 362
177 363
177 364
177 365
177 366
177 367
177 368
177 369
177 370
177 371
177 372
177 373
177 374
177 375
177 376
177 377
177 378
177 379
177 380
177 381
177 382
177 383
177 384
177 385
177 386
177 387
177 388
177 389
177 390
177 391
177 392
177 393
177 394
177 395
177 396
177 397
177 398
177 399
177 400
177 401
177 402
177 403
177 404
177 405
177 406
177 407
177 408
177 409
177 410
177 411
177 412
177 413
177 414
177 415
177 416
177 417
177 418
177 419
177 420
177 421
177 422
177 423
177 424
177 425
177 426
177 427
177 428
177 429
177 430
177 431
177 432
177 433
177 434
177 435
177 436
177 437
177 438
177 439
177 440
177 441
177 442
177 443
177 444
177 445
177 446
177 447
177 448
177 449
177 450
177 451
177 452
177 453
177 454
177 455
177 456
177 457
177 458
177 459
177 460
177 461
177 462
177 463
177 464
177 465
177 466
177 467
177 468
177 469
177 470
177 471
177 472
177 473
177 474
178 109
178 110
178 111
178 112
178 113
178 114
178 186
178 187
178 188
179 109
179 110
179 111
179 112
179 113
179 114
179 186
179 187
179 188
180 108
180 109
180 110
180 111
180 112
180 113
180 186
180 187
180 188
181 107
181 108
181 109
181 110
181 111
181 112
181 186
181 187
181 188
182 107
182 108
182 109
182 110
182 111
182 112
182 186
182 187
182 188
183 106
183 107
183 108
183 109
183 110
183 111
183 186
183 187
183 188
184 105
184 106
184 107
184 108
184 109
184 110
184 186
184 187
184 188
185 104
185 105
185 106
185 107
185 108
185 109
185 110
185 186
185 187
185 188
186 103
186 104
186 105
186 106
186 107
186 108
186 109
186 186
186 187
186 188
187 102
187 103
187 104
187 105
187 106
187 107
187 108
187 186
187 187
187 188
188 101
188 102
188 103
188 104
188 105
188 106
188 107
188 186
188 187
188 188
189 101
189 102
189 103
189 104
189 105
189 106
189 186
189 187
189 188
190 100
190 101
190 102
190 103
190 104
190 105
190 186
190 187
190 188
191 99
191 100
191 101
191 102
191 103
191 104
191 186
191 187
191 188
192 98
192 99
192 100
192 101
192 102
192 103
192 104
192 186
192 187
192 188
192 189
192 190
192 191
192 192
192 193
192 194
192 195
192 196
192 197
192 198
192 199
192 200
192 201
192 202
192 203
192 204
192 205
192 206
192 207
192 208
192 209
192 210
192 211
192 212
192 213
192 214
192 215
192 216
192 217
192 218
192 219
192 220
192 221
192 222
192 223
192 224
192 225
192 226
192 227
192 228
192 229
192 230
192 231
192 232
192 233
192 234
192 235
192 236
192 237
192 238
192 239
192 240
192 241
192 242
192 243
192 244
192 245
192 246
192 247
192 248
192 249
192 250
192 251
192 252
192 253
192 254
192 255
192 256
192 257
192 258
192 259
192 260
192 261
192 262
192 263
192 264
192 265
192 266
192 267
192 268
192 269
192 270
192 271
192 272
192 273
192 274
192 275
192 276
192 277
192 278
192 279
192 280
192 281
192 282
192 283
192 284
192 285
192 286
192 287
192 288
192 289
192 290
192 291
192 292
192 293
192 294
192 295
192 296
192 297
192 298
192 299
192 300
192 301
192 302
192 303
192 304
192 305
192 306
192 307
192 308
192 309
192 310
192 311
192 312
192 313
192 314
192 315
192 316
192 317
192 318
192 319
192 320
192 321
192 322
192 323
192 324
192 325
192 326
192 327
192 328
192 329
192 330
192 331
192 332
192 333
192 334
192 335
192 336
192 337
192 338
192 339
192 340
192 341
192 342
192 343
192 344
192 345
192 346
192 347
192 348
192 349
192 350
192 351
192 352
192 353
192 354
192 355
192 356
192 357
192 358
192 359
192 360
192 361
192 362
192 363
192 364
192 365
192 366
192 367
192 368
192 369
192 370
192 371
192 372
192 373
192 374
192 375
192 376
192 377
192 378
192 379
192 380
192 381
192 382
192 383
192 384
192 385
192 386
192 387
192 388
192 389
192 390
192 391
192 392
192 393
192 394
192 395
192 396
192 397
192 398
192 399
192 400
192 401
192 402
192 403
192 404
192 405
192 406
192 407
192 408
192 409
192 410
192 411
192 412
192 413
192 414
192 415
192 416
192 417
192 418
192 419
192 420
192 421
192 422
192 423
192 424
192 425
192 426
192 427
192 428
192 429
192 430
192 431
192 432
192 433
192 434
192 435
192 436
192 437
192 438
192 439
192 440
192 441
192 442
192 443
192 444
192 445
192 446
192 447
192 448
192 449
192 450
192 451
192 452
192 453
192 454
192 455
192 456
192 457
192 458
192 459
193 97
193 98
193 99
193 100
193 101
193 102
193 103
193 186
193 187
193 188
193 189
193 190
193 191
193 192
193 193
193 194
193 195
193 196
193 197
193 198
193 199
193 200
193 201
193 202
193 203
193 204
193 205
193 206
193 207
193 208
193 209
193 210
193 211
193 212
193 213
193 214
193 215
193 216
193 217
193 218
193 219
193 220
193 221
193 222
193 223
193 224
193 225
193 226
193 227
193 228
193 229
193 230
193 231
193 232
193 233
193 234
193 235
193 236
193 237
193 238
193 239
193 240
193 241
193 242
193 243
193 244
193 245
193 246
193 247
193 248
193 249
193 250
193 251
193 252
193 253
193 254
193 255
193 256
193 257
193 258
193 259
193 260
193 261
193 262
193 263
193 264
193 265
193 266
193 267
193 268
193 269
193 270
193 271
193 272
193 273
193 274
193 275
193 276
193 277
193 278
193 279
193 280
193 281
193 282
193 283
193 284
193 285
193 286
193 287
193 288
193 289
193 290
193 291
193 292
193 293
193 294
193 295
193 296
193 297
193 298
193 299
193 300
193 301
193 302
193 303
193 304
193 305
193 306
193 307
193 308
193 309
193 310
193 311
193 312
193 313
193 314
193 315
193 316
193 317
193 318
193 319
193 320
193 321
193 322
193 323
193 324
193 325
193 326
193 327
193 328
193 329
193 330
193 331
193 332
193 333
193 334
193 335
193 336
193 337
193 338
193 339
193 340
193 341
193 342
193 343
193 344
193 345
193 346
193 347
193 348
193 349
193 350
193 351
193 352
193 353
193 354
193 355
193 356
193 357
193 358
193 359
193 360
193 361
193 362
193 363
193 364
193 365
193 366
193 367
193 368
193 369
193 370
193 371
193 372
193 373
193 374
193 375
193 376
193 377
193 378
193 379
193 380
193 381
193 382
193 383
193 384
193 385
193 386
193 387
193 388
193 389
193 390
193 391
193 392
193 393
193 394
193 395
193 396
193 397
193 398
193 399
193 400
193 401
193 402
193 403
193 404
193 405
193 406
193 407
193 408
193 409
193 410
193 411
193 412
193 413
193 414
193 415
193 416
193 417
193 418
193 419
193 420
193 421
193 422
193 423
193 424
193 425
193 426
193 427
193 428
193 429
193 430
193 431
193 432
193 433
193 434
193 435
193 436
193 437
193 438
193 439
193 440
193 441
193 442
193 443
193 444
193 445
193 446
193 447
193 448
193 449
193 450
193 451
193 452
193 453
193 454
193 455
193 456
193 457
193 458
193 459
193 460
193 461
193 462
193 463
193 464
193 465
193 466
193 467
193 468
193 469
193 470
193 471
193 472
193 473
194 96
194 97
194 98
194 99
194 100
194 101
194 102
194 186
194 187
194 188
194 189
194 190
194 191
194 192
194 193
194 194
194 195
194 196
194 197
194 198
194 199
194 200
194 201
194 202
194 203
194 204
194 205
194 206
194 207
194 208
194 209
194 210
194 211
194 212
194 213
194 214
194 215
194 216
194 217
194 218
194 219
194 220
194 221
194 222
194 223
194 224
194 225
194 226
194 227
194 228
194 229
194 230
194 231
194 232
194 233
194 234
194 235
194 236
194 237
194 238
194 239
194 240
194 241
194 242
194 243
194 244
194 245
194 246
194 247
194 248
194 249
194 250
194 251
194 252
194 253
194 254
194 255
194 256
194 257
194 258
194 259
194 260
194 261
194 262
194 263
194 264
194 265
194 266
194 267
194 268
194 269
194 270
194 271
194 272
194 273
194 274
194 275
194 276
194 277
194 278
194 279
194 280
194 281
194 282
194 283
194 284
194 285
194 286
194 287
194 288
194 289
194 290
194 291
194 292
194 293
194 294
194 295
194 296
194 297
194 298
194 299
194 300
194 301
194 302
194 303
194 304
194 305
194 306
194 307
194 308
194 309
194 310
194 311
194 312
194 313
194 314
194 315
194 316
194 317
194 318
194 319
194 320
194 321
194 322
194 323
194 324
194 325
194 326
194 327
194 328
194 329
194 330
194 331
194 332
194 333
194 334
194 335
194 336
194 337
194 338
194 339
194 340
194 341
194 342
194 343
194 344
194 345
194 346
194 347
194 348
194 349
194 350
194 351
194 352
194 353
194 354
194 355
194 356
194 357
194 358
194 359
194 360
194 361
194 362
194 363
194 364
194 365
194 366
194 367
194 368
194 369
194 370
194 371
194 372
194 373
194 374
194 375
194 376
194 377
194 378
194 379
194 380
194 381
194 382
194 383
194 384
194 385
194 386
194 387
194 388
194 389
194 390
194 391
194 392
194 393
194 394
194 395
194 396
194 397
194 398
194 399
194 400
194 401
194 402
194 403
194 404
194 405
194 406
194 407
194 408
194 409
194 410
194 411
194 412
194 413
194 414
194 415
194 416
194 417
194 418
194 419
194 420
194 421
194 422
194 423
194 424
194 425
194 426
194 427
194 428
194 429
194 430
194 431
194 432
194 433
194 434
194 435
194 436
194 437
194 438
194 439
194 440
194 441
194 442
194 443
194 444
194 445
194 446
194 447
194 448
194 449
194 450
194 451
194 452
194 453
194 454
194 455
194 456
194 457
194 458
194 459
194 460
194 461
194 462
194 463
194 464
194 465
194 466
194 467
194 468
194 469
194 470
194 471
194 472
194 473
194 474
194 475
194 476
194 477
194 478
194 479
194 480
194 481
194 482
194 483
194 484
194 485
194 486
194 487
194 488
195 94
195 95
195 96
195 97
195 98
195 99
195 100
195 101
195 186
195 187
195 188
195 189
195 190
195 191
195 192
195 193
195 194
195 195
195 196
195 197
195 198
195 199
195 200
195 201
195 202
195 203
195 204
195 205
195 206
195 207
195 208
195 209
195 210
195 211
195 212
195 213
195 214
195 215
195 216
195 217
195 218
195 219
195 220
195 221
195 222
195 223
195 224
195 225
195 226
195 227
195 228
195 229
195 230
195 231
195 232
195 233
195 234
195 235
195 236
195 237
195 238
195 239
195 240
195 241
195 242
195 243
195 244
195 245
195 246
195 247
195 248
195 249
195 250
195 251
195 252
195 253
195 254
195 255
195 256
195 257
195 258
195 259
195 260
195 261
195 262
195 263
195 264
195 265
195 266
195 267
195 268
195 269
195 270
195 271
195 272
195 273
195 274
195 275
195 276
195 277
195 278
195 279
195 280
195 281
195 282
195 283
195 284
195 285
195 286
195 287
195 288
195 289
195 290
195 291
195 292
195 293
195 294
195 295
195 296
195 297
195 298
195 299
195 300
195 301
195 302
195 303
195 304
195 305
195 306
195 307
195 308
195 309
195 310
195 311
195 312
195 313
195 314
195 315
195 316
195 317
195 318
195 319
195 320
195 321
195 322
195 323
195 324
195 325
195 326
195 327
195 328
195 329
195 330
195 331
195 332
195 333
195 334
195 335
195 336
195 337
195 338
195 339
195 340
195 341
195 342
195 343
195 344
195 345
195 346
195 347
195 348
195 349
195 350
195 351
195 352
195 353
195 354
195 355
195 356
195 357
195 358
195 359
195 360
195 361
195 362
195 363
195 364
195 365
195 366
195 367
195 368
195 369
195 370
195 371
195 372
195 373
195 374
195 375
195 376
195 377
195 378
195 379
195 380
195 381
195 382
195 383
195 384
195 385
195 386
195 387
195 388
195 389
195 390
195 391
195 392
195 393
195 394
195 395
195 396
195 397
195 398
195 399
195 400
195 401
195 402
195 403
195 404
195 405
195 406
195 407
195 408
195 409
195 410
195 411
195 412
195 413
195 414
195 415
195 416
195 417
195 418
195 419
195 420
195 421
195 422
195 423
195 424
195 425
195 426
195 427
195 428
195 429
195 430
195 431
195 432
195 433
195 434
195 435
195 436
195 437
195 438
195 439
195 440
195 441
195 442
195 443
195 444
195 445
195 446
195 447
195 448
195 449
195 450
195 451
195 452
195 453
195 454
195 455
195 456
195 457
195 458
195 459
195 460
195 461
195 462
195 463
195 464
195 465
195 466
195 467
195 468
195 469
195 470
195 471
195 472
195 473
195 474
195 475
195 476
195 477
195 478
195 479
195 480
195 481
195 482
195 483
195 484
195 485
195 486
195 487
195 488
195 489
195 490
195 491
195 492
195 493
195 494
195 495
195 496
195 497
195 498
195 499
195 500
195 501
195 502
196 93
196 94
196 95
196 96
196 97
196 98
196 99
196 100
196 186
196 187
196 188
196 189
196 190
196 191
196 192
196 193
196 194
196 195
196 196
196 197
196 198
196 199
196 200
196 201
196 202
196 203
196 204
196 205
196 206
196 207
196 208
196 209
196 210
196 211
196 212
196 213
196 214
196 215
196 216
196 217
196 218
196 219
196 220
196 221
196 222
196 223
196 224
196 225
196 226
196 227
196 228
196 229
196 230
196 231
196 232
196 233
196 234
196 235
196 236
196 237
196 238
196 239
196 240
196 241
196 242
196 243
196 244
196 245
196 246
196 247
196 248
196 249
196 250
196 251
196 252
196 253
196 254
196 255
196 256
196 257
196 258
196 259
196 260
196 261
196 262
196 263
196 264
196 265
196 266
196 267
196 268
196 269
196 270
196 271
196 272
196 273
196 274
196 275
196 276
196 277
196 278
196 279
196 280
196 281
196 282
196 283
196 284
196 285
196 286
196 287
196 288
196 289
196 290
196 291
196 292
196 293
196 294
196 295
196 296
196 297
196 298
196 299
196 300
196 301
196 302
196 303
196 304
196 305
196 306
196 307
196 308
196 309
196 310
196 311
196 312
196 313
196 314
196 315
196 316
196 317
196 318
196 319
196 320
196 321
196 322
196 323
196 324
196 325
196 326
196 327
196 328
196 329
196 330
196 331
196 332
196 333
196 334
196 335
196 336
196 337
196 338
196 339
196 340
196 341
196 342
196 343
196 344
196 345
196 346
196 347
196 348
196 349
196 350
196 351
196 352
196 353
196 354
196 355
196 356
196 357
196 358
196 359
196 360
196 361
196 362
196 363
196 364
196 365
196 366
196 367
196 368
196 369
196 370
196 371
196 372
196 373
196 374
196 375
196 376
196 377
196 378
196 379
196 380
196 381
196 382
196 383
196 384
196 385
196 386
196 387
196 388
196 389
196 390
196 391
196 392
196 393
196 394
196 395
196 396
196 397
196 398
196 399
196 400
196 401
196 402
196 403
196 404
196 405
196 406
196 407
196 408
196 409
196 410
196 411
196 412
196 413
196 414
196 415
196 416
196 417
196 418
196 419
196 420
196 421
196 422
196 423
196 424
196 425
196 426
196 427
196 428
196 429
196 430
196 431
196 432
196 433
196 434
196 435
196 436
196 437
196 438
196 439
196 440
196 441
196 442
196 443
196 444
196 445
196 446
196 447
196 448
196 449
196 450
196 451
196 452
196 453
196 454
196 455
196 456
196 457
196 458
196 459
196 460
196 461
196 462
196 463
196 464
196 465
196 466
196 467
196 468
196 469
196 470
196 471
196 472
196 473
196 474
196 475
196 476
196 477
196 478
196 479
196 480
196 481
196 482
196 483
196 484
196 485
196 486
196 487
196 488
196 489
196 490
196 491
196 492
196 493
196 494
196 495
196 496
196 497
196 498
196 499
196 500
196 501
196 502
196 503
196 504
196 505
196 506
196 507
196 508
196 509
196 510
196 511
196 512
196 513
196 514
196 515
196 516
197 92
197 93
197 94
197 95
197 96
197 97
197 98
197 99
197 461
197 462
197 463
197 464
197 465
197 466
197 467
197 468
197 469
197 470
197 471
197 472
197 473
197 474
197 475
197 476
197 477
197 478
197 479
197 480
197 481
197 482
197 483
197 484
197 485
197 486
197 487
197 488
197 489
197 490
197 491
197 492
197 493
197 494
197 495
197 496
197 497
197 498
197 499
197 500
197 501
197 502
197 503
197 504
197 505
197 506
197 507
197 508
197 509
197 510
197 511
197 512
197 513
197 514
197 515
197 516
197 517
197 518
197 519
197 520
197 521
197 522
197 523
197 524
197 525
197 526
197 527
197 528
197 529
197 530
197 531
198 91
198 92
198 93
198 94
198 95
198 96
198 97
198 98
198 475
198 476
198 477
198 478
198 479
198 480
198 481
198 482
198 483
198 484
198 485
198 486
198 487
198 488
198 489
198 490
198 491
198 492
198 493
198 494
198 495
198 496
198 497
198 498
198 499
198 500
198 501
198 502
198 503
198 504
198 505
198 506
198 507
198 508
198 509
198 510
198 511
198 512
198 513
198 514
198 515
198 516
198 517
198 518
198 519
198 520
198 521
198 522
198 523
198 524
198 525
198 526
198 527
198 528
198 529
198 530
198 531
198 532
198 533
198 534
198 535
198 536
198 537
198 538
198 539
198 540
198 541
198 542
198 543
198 544
198 545
199 90
199 91
199 92
199 93
199 94
199 95
199 96
199 489
199 490
199 491
199 492
199 493
199 494
199 495
199 496
199 497
199 498
199 499
199 500
199 501
199 502
199 503
199 504
199 505
199 506
199 507
199 508
199 509
199 510
199 511
199 512
199 513
199 514
199 515
199 516
199 517
199 518
199 519
199 520
199 521
199 522
199 523
199 524
199 525
199 526
199 527
199 528
199 529
199 530
199 531
199 532
199 533
199 534
199 535
199 536
199 537
199 538
199 539
199 540
199 541
199 542
199 543
199 544
199 545
199 546
199 547
199 548
199 549
199 550
199 551
199 552
199 553
199 554
199 555
199 556
199 557
199 558
199 559