6924
0 130
0 131
0 132
0 489
0 490
1 130
1 131
1 132
1 489
1 490
2 130
2 131
2 132
2 489
2 490
3 130
3 131
3 132
3 489
3 490
4 130
4 131
4 132
4 489
4 490
5 130
5 131
5 132
5 489
5 490
6 130
6 131
6 132
6 489
6 490
7 130
7 131
7 132
7 489
7 490
8 130
8 131
8 132
8 489
8 490
9 130
9 131
9 132
9 489
9 490
10 130
10 131
10 132
10 489
10 490
11 130
11 131
11 132
11 489
11 490
12 130
12 131
12 132
12 489
12 490
13 130
13 131
13 132
13 489
13 490
14 130
14 131
14 132
14 489
14 490
15 130
15 131
15 132
15 489
15 490
16 130
16 131
16 132
16 489
16 490
17 130
17 131
17 132
17 489
17 490
18 130
18 131
18 132
18 489
18 490
19 130
19 131
19 132
19 489
19 490
20 130
20 131
20 132
20 489
20 490
21 130
21 131
21 132
21 489
21 490
22 130
22 131
22 132
22 489
22 490
23 130
23 131
23 132
23 489
23 490
24 130
24 131
24 132
24 489
24 490
25 130
25 131
25 132
25 489
25 490
26 130
26 131
26 132
26 489
26 490
27 130
27 131
27 132
27 489
27 490
28 130
28 131
28 132
28 489
28 490
29 130
29 131
29 132
29 489
29 490
30 130
30 131
30 132
30 320
30 321
30 322
30 323
30 324
30 325
30 326
30 327
30 328
30 329
30 330
30 331
30 332
30 333
30 334
30 335
30 336
30 337
30 338
30 339
30 340
30 341
30 342
30 343
30 344
30 345
30 346
30 347
30 348
30 349
30 350
30 351
30 352
30 353
30 354
30 489
30 490
31 130
31 131
31 132
31 320
31 321
31 322
31 323
31 324
31 325
31 326
31 327
31 328
31 329
31 330
31 331
31 332
31 333
31 334
31 335
31 336
31 337
31 338
31 339
31 340
31 341
31 342
31 343
31 344
31 345
31 346
31 347
31 348
31 349
31 350
31 351
31 352
31 353
31 354
31 489
31 490
32 130
32 131
32 132
32 320
32 321
32 322
32 323
32 324
32 325
32 326
32 327
32 328
32 329
32 330
32 331
32 332
32 333
32 334
32 335
32 336
32 337
32 338
32 339
32 340
32 341
32 342
32 343
32 344
32 345
32 346
32 347
32 348
32 349
32 350
32 351
32 352
32 353
32 354
32 489
32 490
33 130
33 131
33 132
33 320
33 321
33 322
33 323
33 324
33 325
33 326
33 327
33 328
33 329
33 330
33 331
33 332
33 333
33 334
33 335
33 342
33 343
33 344
33 345
33 346
33 347
33 348
33 349
33 350
33 351
33 352
33 353
33 354
33 489
33 490
34 130
34 131
34 132
34 320
34 321
34 322
34 323
34 324
34 325
34 326
34 327
34 328
34 329
34 330
34 331
34 346
34 347
34 348
34 349
34 350
34 351
34 352
34 353
34 354
34 489
34 490
35 130
35 131
35 132
35 320
35 321
35 322
35 323
35 324
35 325
35 326
35 327
35 328
35 329
35 348
35 349
35 350
35 351
35 352
35 353
35 354
35 489
35 490
36 130
36 131
36 132
36 320
36 321
36 322
36 323
36 324
36 325
36 326
36 327
36 328
36 349
36 350
36 351
36 352
36 353
36 354
36 489
36 490
37 130
37 131
37 132
37 320
37 321
37 322
37 323
37 324
37 325
37 326
37 327
37 350
37 351
37 352
37 353
37 354
37 489
37 490
38 130
38 131
38 132
38 320
38 321
38 322
38 323
38 324
38 325
38 326
38 351
38 352
38 353
38 354
38 489
38 490
39 130
39 131
39 132
39 320
39 321
39 322
39 323
39 324
39 325
39 352
39 353
39 354
39 489
39 490
40 130
40 131
40 132
40 320
40 321
40 322
40 323
40 324
40 325
40 352
40 353
40 354
40 489
40 490
41 130
41 131
41 132
41 320
41 321
41 322
41 323
41 324
41 353
41 354
41 489
41 490
42 130
42 131
42 132
42 320
42 321
42 322
42 323
42 324
42 353
42 354
42 489
42 490
43 130
43 131
43 132
43 320
43 321
43 322
43 323
43 324
43 353
43 354
43 489
43 490
44 130
44 131
44 132
44 320
44 321
44 322
44 323
44 324
44 353
44 354
44 489
44 490
45 130
45 131
45 132
45 320
45 321
45 322
45 323
45 324
45 353
45 354
45 489
45 490
46 130
46 131
46 132
46 320
46 321
46 322
46 323
46 324
46 353
46 354
46 489
46 490
47 130
47 131
47 132
47 320
47 321
47 322
47 323
47 324
47 325
47 352
47 353
47 354
47 489
47 490
48 130
48 131
48 132
48 320
48 321
48 322
48 323
48 324
48 325
48 352
48 353
48 354
48 489
48 490
49 130
49 131
49 132
49 320
49 321
49 322
49 323
49 324
49 325
49 326
49 351
49 352
49 353
49 354
49 489
49 490
50 130
50 131
50 132
50 320
50 321
50 322
50 323
50 324
50 325
50 326
50 327
50 350
50 351
50 352
50 353
50 354
50 489
50 490
51 130
51 131
51 132
51 320
51 321
51 322
51 323
51 324
51 325
51 326
51 327
51 328
51 349
51 350
51 351
51 352
51 353
51 354
51 489
51 490
52 130
52 131
52 132
52 320
52 321
52 322
52 323
52 324
52 325
52 326
52 327
52 328
52 329
52 348
52 349
52 350
52 351
52 352
52 353
52 354
52 489
52 490
53 130
53 131
53 132
53 320
53 321
53 322
53 323
53 324
53 325
53 326
53 327
53 328
53 329
53 330
53 331
53 346
53 347
53 348
53 349
53 350
53 351
53 352
53 353
53 354
53 489
53 490
54 130
54 131
54 132
54 320
54 321
54 322
54 323
54 324
54 325
54 326
54 327
54 328
54 329
54 330
54 331
54 332
54 333
54 334
54 343
54 344
54 345
54 346
54 347
54 348
54 349
54 350
54 351
54 352
54 353
54 354
54 489
54 490
55 130
55 131
55 132
55 320
55 321
55 322
55 323
55 324
55 325
55 326
55 327
55 328
55 329
55 330
55 331
55 332
55 333
55 334
55 343
55 344
55 345
55 346
55 347
55 348
55 349
55 350
55 351
55 352
55 353
55 354
55 489
55 490
56 130
56 131
56 132
56 320
56 321
56 322
56 323
56 324
56 325
56 326
56 327
56 328
56 329
56 330
56 331
56 332
56 333
56 334
56 343
56 344
56 345
56 346
56 347
56 348
56 349
56 350
56 351
56 352
56 353
56 354
56 489
56 490
57 130
57 131
57 132
57 320
57 321
57 322
57 323
57 324
57 325
57 326
57 327
57 328
57 329
57 330
57 331
57 332
57 333
57 334
57 343
57 344
57 345
57 346
57 347
57 348
57 349
57 350
57 351
57 352
57 353
57 354
57 489
57 490
58 130
58 131
58 132
58 320
58 321
58 322
58 323
58 324
58 325
58 326
58 327
58 328
58 329
58 330
58 331
58 332
58 333
58 334
58 343
58 344
58 345
58 346
58 347
58 348
58 349
58 350
58 351
58 352
58 353
58 354
58 489
58 490
59 130
59 131
59 132
59 320
59 321
59 322
59 323
59 324
59 325
59 326
59 327
59 328
59 329
59 330
59 331
59 332
59 333
59 334
59 343
59 344
59 345
59 346
59 347
59 348
59 349
59 350
59 351
59 352
59 353
59 354
59 489
59 490
60 130
60 131
60 132
60 320
60 321
60 322
60 323
60 324
60 325
60 326
60 327
60 328
60 329
60 330
60 331
60 332
60 333
60 334
60 343
60 344
60 345
60 346
60 347
60 348
60 349
60 350
60 351
60 352
60 353
60 354
60 489
60 490
61 130
61 131
61 132
61 320
61 321
61 322
61 323
61 324
61 325
61 326
61 327
61 328
61 329
61 330
61 331
61 332
61 333
61 334
61 343
61 344
61 345
61 346
61 347
61 348
61 349
61 350
61 351
61 352
61 353
61 354
61 489
61 490
62 130
62 131
62 132
62 320
62 321
62 322
62 323
62 324
62 325
62 326
62 327
62 328
62 329
62 330
62 331
62 332
62 333
62 334
62 343
62 344
62 345
62 346
62 347
62 348
62 349
62 350
62 351
62 352
62 353
62 354
62 489
62 490
63 130
63 131
63 132
63 320
63 321
63 322
63 323
63 324
63 325
63 326
63 327
63 328
63 329
63 330
63 331
63 332
63 333
63 334
63 343
63 344
63 345
63 346
63 347
63 348
63 349
63 350
63 351
63 352
63 353
63 354
63 489
63 490
64 130
64 131
64 132
64 320
64 321
64 322
64 323
64 324
64 325
64 326
64 327
64 328
64 329
64 330
64 331
64 332
64 333
64 334
64 343
64 344
64 345
64 346
64 347
64 348
64 349
64 350
64 351
64 352
64 353
64 354
64 489
64 490
65 130
65 131
65 132
65 320
65 321
65 322
65 323
65 324
65 325
65 326
65 327
65 328
65 329
65 330
65 331
65 332
65 333
65 334
65 343
65 344
65 345
65 346
65 347
65 348
65 349
65 350
65 351
65 352
65 353
65 354
65 489
65 490
66 130
66 131
66 132
66 320
66 321
66 322
66 323
66 324
66 325
66 326
66 327
66 328
66 329
66 330
66 331
66 332
66 333
66 334
66 343
66 344
66 345
66 346
66 347
66 348
66 349
66 350
66 351
66 352
66 353
66 354
66 489
66 490
67 130
67 131
67 132
67 320
67 321
67 322
67 323
67 324
67 325
67 326
67 327
67 328
67 329
67 330
67 331
67 332
67 333
67 334
67 343
67 344
67 345
67 346
67 347
67 348
67 349
67 350
67 351
67 352
67 353
67 354
67 489
67 490
68 130
68 131
68 132
68 320
68 321
68 322
68 323
68 324
68 325
68 326
68 327
68 328
68 329
68 330
68 331
68 332
68 333
68 334
68 343
68 344
68 345
68 346
68 347
68 348
68 349
68 350
68 351
68 352
68 353
68 354
68 489
68 490
69 130
69 131
69 132
69 320
69 321
69 322
69 323
69 324
69 325
69 326
69 327
69 328
69 329
69 330
69 331
69 332
69 333
69 334
69 343
69 344
69 345
69 346
69 347
69 348
69 349
69 350
69 351
69 352
69 353
69 354
69 489
69 490
70 130
70 131
70 132
70 320
70 321
70 322
70 323
70 324
70 325
70 326
70 327
70 328
70 329
70 330
70 331
70 332
70 333
70 334
70 343
70 344
70 345
70 346
70 347
70 348
70 349
70 350
70 351
70 352
70 353
70 354
70 489
70 490
71 130
71 131
71 132
71 320
71 321
71 322
71 323
71 324
71 325
71 326
71 327
71 328
71 329
71 330
71 331
71 332
71 333
71 334
71 343
71 344
71 345
71 346
71 347
71 348
71 349
71 350
71 351
71 352
71 353
71 354
71 489
71 490
72 130
72 131
72 132
72 133
72 134
72 135
72 136
72 137
72 138
72 139
72 140
72 141
72 142
72 143
72 144
72 145
72 146
72 147
72 148
72 149
72 150
72 151
72 152
72 153
72 154
72 155
72 320
72 321
72 322
72 323
72 324
72 325
72 326
72 327
72 328
72 329
72 330
72 331
72 332
72 333
72 334
72 343
72 344
72 345
72 346
72 347
72 348
72 349
72 350
72 351
72 352
72 353
72 354
72 489
72 490
73 130
73 131
73 132
73 133
73 134
73 135
73 136
73 137
73 138
73 139
73 140
73 141
73 142
73 143
73 144
73 145
73 146
73 147
73 148
73 149
73 150
73 151
73 152
73 153
73 154
73 155
73 320
73 321
73 322
73 323
73 324
73 325
73 326
73 327
73 328
73 329
73 330
73 331
73 332
73 333
73 334
73 343
73 344
73 345
73 346
73 347
73 348
73 349
73 350
73 351
73 352
73 353
73 354
73 489
73 490
74 131
74 132
74 133
74 134
74 135
74 136
74 137
74 138
74 139
74 140
74 141
74 142
74 143
74 144
74 145
74 146
74 147
74 148
74 149
74 150
74 151
74 152
74 153
74 154
74 155
74 320
74 321
74 322
74 323
74 324
74 325
74 326
74 327
74 328
74 329
74 330
74 331
74 332
74 345
74 346
74 347
74 348
74 349
74 350
74 351
74 352
74 353
74 354
74 489
74 490
75 135
75 136
75 137
75 138
75 139
75 140
75 141
75 142
75 143
75 144
75 145
75 146
75 147
75 148
75 149
75 150
75 151
75 152
75 153
75 154
75 155
75 320
75 321
75 322
75 323
75 324
75 325
75 326
75 327
75 328
75 329
75 330
75 347
75 348
75 349
75 350
75 351
75 352
75 353
75 354
75 478
75 479
75 480
75 481
75 482
75 483
75 484
75 485
75 486
75 487
75 488
75 489
75 490
76 140
76 141
76 142
76 143
76 144
76 145
76 146
76 151
76 152
76 153
76 154
76 155
76 320
76 321
76 322
76 323
76 324
76 325
76 326
76 327
76 328
76 329
76 348
76 349
76 350
76 351
76 352
76 353
76 354
76 478
76 479
76 480
76 481
76 482
76 483
76 484
76 485
76 486
76 487
76 488
76 489
76 490
77 151
77 152
77 153
77 154
77 155
77 320
77 321
77 322
77 323
77 324
77 325
77 326
77 327
77 328
77 349
77 350
77 351
77 352
77 353
77 354
77 478
77 479
77 480
77 481
77 482
77 483
77 484
77 485
77 486
77 487
77 488
77 489
77 490
78 151
78 152
78 153
78 154
78 155
78 320
78 321
78 322
78 323
78 324
78 325
78 326
78 327
78 350
78 351
78 352
78 353
78 354
78 478
78 479
78 480
78 481
78 482
78 483
78 484
78 485
79 151
79 152
79 153
79 154
79 155
79 320
79 321
79 322
79 323
79 324
79 325
79 326
79 351
79 352
79 353
79 354
79 355
79 356
79 357
79 358
79 359
79 360
79 361
79 362
79 363
79 364
79 365
79 366
79 367
79 368
79 369
79 370
79 371
79 372
79 373
79 374
79 375
79 376
79 377
79 378
79 379
79 380
79 381
79 382
79 383
79 384
79 385
79 386
79 387
79 388
79 389
79 390
79 391
79 392
79 393
79 394
79 395
79 396
79 397
79 398
79 399
79 400
79 401
79 402
79 403
79 404
79 405
79 406
79 407
79 408
79 409
79 410
79 411
79 412
79 413
79 414
79 415
79 416
79 417
79 418
79 419
79 420
79 421
79 422
79 423
79 424
79 425
79 426
79 427
79 428
79 429
79 430
79 431
79 432
79 433
79 434
79 435
79 436
79 437
79 438
79 439
79 440
79 441
79 442
79 443
79 444
79 445
79 446
79 447
79 448
79 449
79 450
79 451
79 452
79 453
79 454
79 455
79 456
79 457
79 458
79 459
79 460
79 461
79 462
79 463
79 464
79 465
79 466
79 467
79 468
79 469
79 470
79 471
79 472
79 473
79 474
79 475
79 476
79 477
79 478
79 479
79 480
79 481
79 482
79 483
79 484
79 485
80 152
80 153
80 154
80 155
80 320
80 321
80 322
80 323
80 324
80 325
80 352
80 353
80 354
80 355
80 356
80 357
80 358
80 359
80 360
80 361
80 362
80 363
80 364
80 365
80 366
80 367
80 368
80 369
80 370
80 371
80 372
80 373
80 374
80 375
80 376
80 377
80 378
80 379
80 380
80 381
80 382
80 383
80 384
80 385
80 386
80 387
80 388
80 389
80 390
80 391
80 392
80 393
80 394
80 395
80 396
80 397
80 398
80 399
80 400
80 401
80 402
80 403
80 404
80 405
80 406
80 407
80 408
80 409
80 410
80 411
80 412
80 413
80 414
80 415
80 416
80 417
80 418
80 419
80 420
80 421
80 422
80 423
80 424
80 425
80 426
80 427
80 428
80 429
80 430
80 431
80 432
80 433
80 434
80 435
80 436
80 437
80 438
80 439
80 440
80 441
80 442
80 443
80 444
80 445
80 446
80 447
80 448
80 449
80 450
80 451
80 452
80 453
80 454
80 455
80 456
80 457
80 458
80 459
80 460
80 461
80 462
80 463
80 464
80 465
80 466
80 467
80 468
80 469
80 470
80 471
80 472
80 473
80 474
80 475
80 476
80 477
80 478
80 479
80 480
80 481
80 482
80 483
80 484
80 485
81 153
81 154
81 155
81 156
81 157
81 158
81 159
81 160
81 161
81 162
81 163
81 164
81 165
81 166
81 167
81 168
81 169
81 170
81 171
81 172
81 173
81 174
81 175
81 176
81 177
81 178
81 179
81 180
81 181
81 182
81 183
81 184
81 185
81 186
81 187
81 188
81 189
81 190
81 191
81 192
81 193
81 194
81 195
81 196
81 197
81 198
81 199
81 200
81 201
81 202
81 203
81 204
81 205
81 206
81 207
81 208
81 209
81 210
81 211
81 212
81 213
81 214
81 215
81 216
81 217
81 218
81 219
81 220
81 221
81 222
81 223
81 224
81 225
81 226
81 227
81 228
81 229
81 230
81 231
81 232
81 233
81 234
81 235
81 236
81 237
81 238
81 239
81 240
81 241
81 242
81 243
81 244
81 245
81 246
81 247
81 248
81 249
81 250
81 251
81 252
81 253
81 254
81 255
81 256
81 257
81 258
81 259
81 260
81 261
81 262
81 263
81 264
81 265
81 266
81 267
81 268
81 269
81 270
81 271
81 272
81 273
81 274
81 275
81 276
81 277
81 278
81 279
81 280
81 281
81 282
81 283
81 284
81 285
81 286
81 287
81 288
81 289
81 290
81 291
81 292
81 293
81 294
81 295
81 296
81 297
81 298
81 299
81 300
81 301
81 302
81 303
81 304
81 305
81 306
81 307
81 308
81 309
81 310
81 311
81 312
81 313
81 314
81 315
81 316
81 317
81 318
81 319
81 320
81 321
81 322
81 323
81 324
81 325
81 352
81 353
81 354
81 355
81 356
81 357
81 358
81 359
81 360
81 361
81 362
81 363
81 364
81 365
81 366
81 367
81 368
81 369
81 370
81 371
81 372
81 373
81 374
81 375
81 376
81 377
81 378
81 379
81 380
81 381
81 382
81 383
81 384
81 385
81 386
81 387
81 388
81 389
81 390
81 391
81 392
81 393
81 394
81 395
81 396
81 397
81 398
81 399
81 400
81 401
81 402
81 403
81 404
81 405
81 406
81 407
81 408
81 409
81 410
81 411
81 412
81 413
81 414
81 415
81 416
81 417
81 418
81 419
81 420
81 421
81 422
81 423
81 424
81 425
81 426
81 427
81 428
81 429
81 430
81 431
81 432
81 433
81 434
81 435
81 436
81 437
81 438
81 439
81 440
81 441
81 442
81 443
81 444
81 445
81 446
81 447
81 448
81 449
81 450
81 451
81 452
81 453
81 454
81 455
81 456
81 457
81 458
81 459
81 460
81 461
81 462
81 463
81 464
81 465
81 466
81 467
81 468
81 469
81 470
81 471
81 472
81 473
81 474
81 475
81 476
81 477
81 478
81 479
81 480
81 481
81 482
81 483
81 484
81 485
82 134
82 135
82 136
82 137
82 138
82 139
82 140
82 141
82 153
82 154
82 155
82 156
82 157
82 158
82 159
82 160
82 161
82 162
82 163
82 164
82 165
82 166
82 167
82 168
82 169
82 170
82 171
82 172
82 173
82 174
82 175
82 176
82 177
82 178
82 179
82 180
82 181
82 182
82 183
82 184
82 185
82 186
82 187
82 188
82 189
82 190
82 191
82 192
82 193
82 194
82 195
82 196
82 197
82 198
82 199
82 200
82 201
82 202
82 203
82 204
82 205
82 206
82 207
82 208
82 209
82 210
82 211
82 212
82 213
82 214
82 215
82 216
82 217
82 218
82 219
82 220
82 221
82 222
82 223
82 224
82 225
82 226
82 227
82 228
82 229
82 230
82 231
82 232
82 233
82 234
82 235
82 236
82 237
82 238
82 239
82 240
82 241
82 242
82 243
82 244
82 245
82 246
82 247
82 248
82 249
82 250
82 251
82 252
82 253
82 254
82 255
82 256
82 257
82 258
82 259
82 260
82 261
82 262
82 263
82 264
82 265
82 266
82 267
82 268
82 269
82 270
82 271
82 272
82 273
82 274
82 275
82 276
82 277
82 278
82 279
82 280
82 281
82 282
82 283
82 284
82 285
82 286
82 287
82 288
82 289
82 290
82 291
82 292
82 293
82 294
82 295
82 296
82 297
82 298
82 299
82 300
82 301
82 302
82 303
82 304
82 305
82 306
82 307
82 308
82 309
82 310
82 311
82 312
82 313
82 314
82 315
82 316
82 317
82 318
82 319
82 320
82 321
82 322
82 323
82 324
82 352
82 353
82 354
82 355
82 356
82 357
82 358
82 359
82 360
82 361
82 362
82 363
82 364
82 365
82 366
82 367
82 368
82 369
82 370
82 371
82 372
82 373
82 374
82 375
82 376
82 377
82 378
82 379
82 380
82 381
82 382
82 383
82 384
82 385
82 386
82 387
82 388
82 389
82 390
82 391
82 392
82 393
82 394
82 395
82 396
82 397
82 398
82 399
82 400
82 401
82 402
82 403
82 404
82 405
82 406
82 407
82 408
82 409
82 410
82 411
82 412
82 413
82 414
82 415
82 416
82 417
82 418
82 419
82 420
82 421
82 422
82 423
82 424
82 425
82 426
82 427
82 428
82 429
82 430
82 431
82 432
82 433
82 434
82 435
82 436
82 437
82 438
82 439
82 440
82 441
82 442
82 443
82 444
82 445
82 446
82 447
82 448
82 449
82 450
82 451
82 452
82 453
82 454
82 455
82 456
82 457
82 458
82 459
82 460
82 461
82 462
82 463
82 464
82 465
82 466
82 467
82 468
82 469
82 470
82 471
82 472
82 473
82 474
82 475
82 476
82 477
82 478
82 479
83 132
83 133
83 134
83 135
83 136
83 137
83 138
83 139
83 140
83 141
83 142
83 153
83 154
83 155
83 156
83 157
83 158
83 159
83 160
83 161
83 162
83 163
83 164
83 165
83 166
83 167
83 168
83 169
83 170
83 171
83 172
83 173
83 174
83 175
83 176
83 177
83 178
83 179
83 180
83 181
83 182
83 183
83 184
83 185
83 186
83 187
83 188
83 189
83 190
83 191
83 192
83 193
83 194
83 195
83 196
83 197
83 198
83 199
83 200
83 201
83 202
83 203
83 204
83 205
83 206
83 207
83 208
83 209
83 210
83 211
83 212
83 213
83 214
83 215
83 216
83 217
83 218
83 219
83 220
83 221
83 222
83 223
83 224
83 225
83 226
83 227
83 228
83 229
83 230
83 231
83 232
83 233
83 234
83 235
83 236
83 237
83 238
83 239
83 240
83 241
83 242
83 243
83 244
83 245
83 246
83 247
83 248
83 249
83 250
83 251
83 252
83 253
83 254
83 255
83 256
83 257
83 258
83 259
83 260
83 261
83 262
83 263
83 264
83 265
83 266
83 267
83 268
83 269
83 270
83 271
83 272
83 273
83 274
83 275
83 276
83 277
83 278
83 279
83 280
83 281
83 282
83 283
83 284
83 285
83 286
83 287
83 288
83 289
83 290
83 291
83 292
83 293
83 294
83 295
83 296
83 297
83 298
83 299
83 300
83 301
83 302
83 303
83 304
83 305
83 306
83 307
83 308
83 309
83 310
83 311
83 312
83 313
83 314
83 315
83 316
83 317
83 318
83 319
83 320
83 364
83 365
83 366
83 367
83 368
83 369
83 370
83 371
83 372
83 373
83 374
83 375
83 376
83 377
83 378
83 379
83 380
83 381
83 382
83 383
83 384
83 385
83 386
83 387
83 388
83 389
83 390
83 391
83 392
83 393
83 394
83 395
83 396
83 397
83 398
83 399
83 400
83 401
83 402
83 403
83 404
83 405
83 406
83 407
83 408
83 409
83 410
83 411
83 412
83 413
83 414
83 415
83 416
83 417
83 418
83 419
83 420
83 421
83 422
83 423
83 424
83 425
83 426
83 427
83 428
83 429
83 430
83 431
83 432
83 433
83 434
83 435
83 436
83 437
83 438
83 439
83 440
83 441
83 442
83 443
83 444
83 445
83 446
83 447
83 448
83 449
83 450
83 451
83 452
83 453
83 454
83 455
83 456
83 457
83 458
83 459
83 460
83 461
83 462
83 463
83 464
83 465
83 466
83 467
83 468
83 469
83 470
83 471
83 472
83 473
83 474
83 475
83 476
83 477
83 478
83 479
84 132
84 133
84 134
84 135
84 136
84 137
84 138
84 139
84 140
84 141
84 142
84 143
84 415
84 416
84 417
84 418
84 419
85 132
85 133
85 134
85 135
85 136
85 137
85 138
85 139
85 140
85 141
85 142
85 143
85 415
85 416
85 417
85 418
85 419
86 132
86 133
86 134
86 135
86 136
86 137
86 138
86 139
86 140
86 141
86 142
86 143
86 415
86 416
86 417
86 418
86 419
87 132
87 133
87 134
87 135
87 136
87 137
87 138
87 139
87 140
87 141
87 142
87 415
87 416
87 417
87 418
87 419
88 132
88 133
88 134
88 135
88 136
88 137
88 138
88 139
88 140
89 132
89 133
89 134
89 135
89 136
89 137
89 138
89 139
89 140
90 132
90 133
90 134
90 135
90 136
90 137
90 138
90 139
90 140
91 132
91 133
91 134
91 135
91 136
91 137
91 138
91 139
91 140
92 132
92 133
92 134
92 135
92 136
92 137
92 138
92 139
92 140
93 133
93 134
93 135
93 136
93 137
93 138
93 139
94 133
94 134
94 135
94 136
94 137
94 138
95 133
95 134
95 135
95 136
95 137
95 138
96 133
96 134
96 135
96 136
96 137
96 138
96 415
96 416
96 417
96 418
96 419
97 133
97 134
97 135
97 136
97 137
97 138
97 415
97 416
97 417
97 418
97 419
98 133
98 134
98 135
98 136
98 137
98 138
98 415
98 416
98 417
98 418
98 419
99 131
99 132
99 133
99 134
99 135
99 136
99 137
99 138
99 139
99 140
99 141
99 142
99 143
99 144
99 145
99 146
99 147
99 148
99 149
99 150
99 151
99 152
99 153
99 154
99 155
99 156
99 157
99 158
99 159
99 160
99 161
99 162
99 163
99 164
99 165
99 166
99 167
99 168
99 169
99 170
99 171
99 172
99 173
99 174
99 175
99 176
99 177
99 178
99 179
99 180
99 181
99 182
99 183
99 184
99 185
99 186
99 187
99 188
99 189
99 190
99 191
99 192
99 193
99 194
99 195
99 196
99 197
99 198
99 199
99 200
99 201
99 202
99 203
99 204
99 205
99 206
99 207
99 208
99 209
99 210
99 211
99 212
99 213
99 214
99 215
99 216
99 217
99 218
99 219
99 220
99 221
99 222
99 223
99 224
99 225
99 226
99 227
99 228
99 229
99 230
99 231
99 232
99 233
99 234
99 235
99 236
99 237
99 238
99 239
99 240
99 241
99 242
99 243
99 244
99 245
99 246
99 247
99 248
99 249
99 250
99 251
99 252
99 253
99 254
99 255
99 256
99 257
99 258
99 259
99 260
99 261
99 262
99 263
99 264
99 265
99 266
99 267
99 268
99 269
99 270
99 271
99 272
99 273
99 274
99 275
99 276
99 277
99 278
99 279
99 280
99 281
99 282
99 283
99 284
99 285
99 286
99 287
99 288
99 289
99 290
99 291
99 292
99 293
99 294
99 295
99 296
99 297
99 298
99 299
99 300
99 301
99 302
99 303
99 304
99 305
99 306
99 307
99 308
99 309
99 310
99 311
99 312
99 313
99 314
99 315
99 316
99 317
99 318
99 319
99 320
99 415
99 416
99 417
99 418
99 419
100 131
100 132
100 133
100 134
100 135
100 136
100 137
100 138
100 139
100 140
100 141
100 142
100 143
100 144
100 145
100 146
100 147
100 148
100 149
100 150
100 151
100 152
100 153
100 154
100 155
100 156
100 157
100 158
100 159
100 160
100 161
100 162
100 163
100 164
100 165
100 166
100 167
100 168
100 169
100 170
100 171
100 172
100 173
100 174
100 175
100 176
100 177
100 178
100 179
100 180
100 181
100 182
100 183
100 184
100 185
100 186
100 187
100 188
100 189
100 190
100 191
100 192
100 193
100 194
100 195
100 196
100 197
100 198
100 199
100 200
100 201
100 202
100 203
100 204
100 205
100 206
100 207
100 208
100 209
100 210
100 211
100 212
100 213
100 214
100 215
100 216
100 217
100 218
100 219
100 220
100 221
100 222
100 223
100 224
100 225
100 226
100 227
100 228
100 229
100 230
100 231
100 232
100 233
100 234
100 235
100 236
100 237
100 238
100 239
100 240
100 241
100 242
100 243
100 244
100 245
100 246
100 247
100 248
100 249
100 250
100 251
100 252
100 253
100 254
100 255
100 256
100 257
100 258
100 259
100 260
100 261
100 262
100 263
100 264
100 265
100 266
100 267
100 268
100 269
100 270
100 271
100 272
100 273
100 274
100 275
100 276
100 277
100 278
100 279
100 280
100 281
100 282
100 283
100 284
100 285
100 286
100 287
100 288
100 289
100 290
100 291
100 292
100 293
100 294
100 295
100 296
100 297
100 298
100 299
100 300
100 301
100 302
100 303
100 304
100 305
100 306
100 307
100 308
100 309
100 310
100 311
100 312
100 313
100 314
100 315
100 316
100 317
100 318
100 319
100 320
100 321
100 322
100 323
100 324
100 364
100 365
100 366
100 367
100 368
100 369
100 370
100 371
100 372
100 373
100 374
100 375
100 376
100 377
100 378
100 379
100 380
100 381
100 382
100 383
100 384
100 385
100 386
100 387
100 388
100 389
100 390
100 391
100 392
100 393
100 394
100 395
100 396
100 397
100 398
100 399
100 400
100 401
100 402
100 403
100 404
100 405
100 406
100 407
100 408
100 409
100 410
100 411
100 412
100 413
100 414
100 415
100 416
100 417
100 418
100 419
100 420
100 421
100 422
100 423
100 424
100 425
100 426
100 427
100 428
100 429
100 430
100 431
100 432
100 433
100 434
100 435
100 436
100 437
100 438
100 439
100 440
100 441
100 442
100 443
100 444
100 445
100 446
100 447
100 448
100 449
100 450
100 451
100 452
100 453
100 454
100 455
100 456
100 457
100 458
100 459
100 460
100 461
100 462
100 463
100 464
100 465
100 466
100 467
100 468
100 469
100 470
100 471
100 472
100 473
100 474
100 475
100 476
100 477
100 478
100 479
101 131
101 132
101 318
101 319
101 320
101 321
101 322
101 323
101 324
101 364
101 365
101 366
101 367
101 368
101 369
101 370
101 371
101 372
101 373
101 374
101 375
101 376
101 377
101 378
101 379
101 380
101 381
101 382
101 383
101 384
101 385
101 386
101 387
101 388
101 389
101 390
101 391
101 392
101 393
101 394
101 395
101 396
101 397
101 398
101 399
101 400
101 401
101 402
101 403
101 404
101 405
101 406
101 407
101 408
101 409
101 410
101 411
101 412
101 413
101 414
101 415
101 416
101 417
101 418
101 419
101 420
101 421
101 422
101 423
101 424
101 425
101 426
101 427
101 428
101 429
101 430
101 431
101 432
101 433
101 434
101 435
101 436
101 437
101 438
101 439
101 440
101 441
101 442
101 443
101 444
101 445
101 446
101 447
101 448
101 449
101 450
101 451
101 452
101 453
101 454
101 455
101 456
101 457
101 458
101 459
101 460
101 461
101 462
101 463
101 464
101 465
101 466
101 467
101 468
101 469
101 470
101 471
101 472
101 473
101 474
101 475
101 476
101 477
101 478
101 479
102 131
102 132
102 318
102 319
102 320
102 321
102 322
102 323
102 324
102 325
102 352
102 353
102 354
102 355
102 356
102 357
102 358
102 359
102 360
102 361
102 362
102 363
102 364
102 365
102 366
102 367
102 368
102 369
102 370
102 371
102 372
102 373
102 374
102 375
102 376
102 377
102 378
102 379
102 380
102 381
102 382
102 383
102 384
102 385
102 386
102 387
102 388
102 389
102 390
102 391
102 392
102 393
102 394
102 395
102 396
102 397
102 398
102 399
102 400
102 401
102 402
102 403
102 404
102 405
102 406
102 407
102 408
102 409
102 410
102 411
102 412
102 413
102 414
102 415
102 416
102 417
102 418
102 419
102 420
102 421
102 422
102 423
102 424
102 425
102 426
102 427
102 428
102 429
102 430
102 431
102 432
102 433
102 434
102 435
102 436
102 437
102 438
102 439
102 440
102 441
102 442
102 443
102 444
102 445
102 446
102 447
102 448
102 449
102 450
102 451
102 452
102 453
102 454
102 455
102 456
102 457
102 458
102 459
102 460
102 461
102 462
102 463
102 464
102 465
102 466
102 467
102 468
102 469
102 470
102 471
102 472
102 473
102 474
102 475
102 476
102 477
102 478
102 479
102 480
102 481
102 482
102 483
102 484
102 485
103 131
103 132
103 318
103 319
103 320
103 321
103 322
103 323
103 324
103 325
103 352
103 353
103 354
103 355
103 356
103 357
103 358
103 359
103 360
103 361
103 362
103 363
103 364
103 365
103 366
103 367
103 368
103 369
103 370
103 371
103 372
103 373
103 374
103 375
103 376
103 377
103 378
103 379
103 380
103 381
103 382
103 383
103 384
103 385
103 386
103 387
103 388
103 389
103 390
103 391
103 392
103 393
103 394
103 395
103 396
103 397
103 398
103 399
103 400
103 401
103 402
103 403
103 404
103 405
103 406
103 407
103 408
103 409
103 410
103 411
103 412
103 413
103 414
103 415
103 416
103 417
103 418
103 419
103 420
103 421
103 422
103 423
103 424
103 425
103 426
103 427
103 428
103 429
103 430
103 431
103 432
103 433
103 434
103 435
103 436
103 437
103 438
103 439
103 440
103 441
103 442
103 443
103 444
103 445
103 446
103 447
103 448
103 449
103 450
103 451
103 452
103 453
103 454
103 455
103 456
103 457
103 458
103 459
103 460
103 461
103 462
103 463
103 464
103 465
103 466
103 467
103 468
103 469
103 470
103 471
103 472
103 473
103 474
103 475
103 476
103 477
103 478
103 479
103 480
103 481
103 482
103 483
103 484
103 485
104 131
104 132
104 318
104 319
104 320
104 321
104 322
104 323
104 324
104 325
104 326
104 351
104 352
104 353
104 354
104 355
104 356
104 357
104 358
104 359
104 360
104 361
104 362
104 363
104 364
104 365
104 366
104 367
104 368
104 369
104 370
104 371
104 372
104 373
104 374
104 375
104 376
104 377
104 378
104 379
104 380
104 381
104 382
104 383
104 384
104 385
104 386
104 387
104 388
104 389
104 390
104 391
104 392
104 393
104 394
104 395
104 396
104 397
104 398
104 399
104 400
104 401
104 402
104 403
104 404
104 405
104 406
104 407
104 408
104 409
104 410
104 411
104 412
104 413
104 414
104 415
104 416
104 417
104 418
104 419
104 420
104 421
104 422
104 423
104 424
104 425
104 426
104 427
104 428
104 429
104 430
104 431
104 432
104 433
104 434
104 435
104 436
104 437
104 438
104 439
104 440
104 441
104 442
104 443
104 444
104 445
104 446
104 447
104 448
104 449
104 450
104 451
104 452
104 453
104 454
104 455
104 456
104 457
104 458
104 459
104 460
104 461
104 462
104 463
104 464
104 465
104 466
104 467
104 468
104 469
104 470
104 471
104 472
104 473
104 474
104 475
104 476
104 477
104 478
104 479
104 480
104 481
104 482
104 483
104 484
104 485
105 131
105 132
105 318
105 319
105 320
105 321
105 322
105 323
105 324
105 325
105 326
105 327
105 350
105 351
105 352
105 353
105 354
105 355
105 356
105 357
105 358
105 359
105 360
105 361
105 362
105 363
105 364
105 365
105 366
105 367
105 368
105 369
105 370
105 371
105 372
105 373
105 374
105 375
105 376
105 377
105 378
105 379
105 380
105 381
105 382
105 383
105 384
105 385
105 386
105 387
105 388
105 389
105 390
105 391
105 392
105 393
105 394
105 395
105 396
105 397
105 398
105 399
105 400
105 401
105 402
105 403
105 404
105 405
105 406
105 407
105 408
105 409
105 410
105 411
105 412
105 413
105 414
105 415
105 416
105 417
105 418
105 419
105 420
105 421
105 422
105 423
105 424
105 425
105 426
105 427
105 428
105 429
105 430
105 431
105 432
105 433
105 434
105 435
105 436
105 437
105 438
105 439
105 440
105 441
105 442
105 443
105 444
105 445
105 446
105 447
105 448
105 449
105 450
105 451
105 452
105 453
105 454
105 455
105 456
105 457
105 458
105 459
105 460
105 461
105 462
105 463
105 464
105 465
105 466
105 467
105 468
105 469
105 470
105 471
105 472
105 473
105 474
105 475
105 476
105 477
105 478
105 479
105 480
105 481
105 482
105 483
105 484
105 485
106 131
106 132
106 318
106 319
106 320
106 321
106 322
106 323
106 324
106 325
106 326
106 327
106 328
106 349
106 350
106 351
106 352
106 353
106 354
106 355
106 356
106 357
106 358
106 359
106 360
106 361
106 362
106 363
106 364
106 365
106 366
106 367
106 368
106 369
106 370
106 371
106 372
106 373
106 374
106 375
106 376
106 377
106 378
106 379
106 380
106 381
106 382
106 383
106 384
106 385
106 386
106 387
106 388
106 389
106 390
106 391
106 392
106 393
106 394
106 395
106 396
106 397
106 398
106 399
106 400
106 401
106 402
106 403
106 404
106 405
106 406
106 407
106 408
106 409
106 410
106 411
106 412
106 413
106 414
106 415
106 416
106 417
106 418
106 419
106 420
106 421
106 422
106 423
106 424
106 425
106 426
106 427
106 428
106 429
106 430
106 431
106 432
106 433
106 434
106 435
106 436
106 437
106 438
106 439
106 440
106 441
106 442
106 443
106 444
106 445
106 446
106 447
106 448
106 449
106 450
106 451
106 452
106 453
106 454
106 455
106 456
106 457
106 458
106 459
106 460
106 461
106 462
106 463
106 464
106 465
106 466
106 467
106 468
106 469
106 470
106 471
106 472
106 473
106 474
106 475
106 476
106 477
106 478
106 479
106 480
106 481
106 482
106 483
106 484
106 485
106 486
106 487
106 488
106 489
106 490
107 131
107 132
107 318
107 319
107 320
107 321
107 322
107 323
107 324
107 325
107 326
107 327
107 328
107 329
107 348
107 349
107 350
107 351
107 352
107 353
107 354
107 355
107 356
107 357
107 358
107 359
107 360
107 361
107 362
107 363
107 364
107 365
107 366
107 367
107 368
107 369
107 370
107 371
107 372
107 373
107 374
107 375
107 376
107 377
107 378
107 379
107 380
107 381
107 382
107 383
107 384
107 385
107 386
107 387
107 388
107 389
107 390
107 391
107 392
107 393
107 394
107 395
107 396
107 397
107 398
107 399
107 400
107 401
107 402
107 403
107 404
107 405
107 406
107 407
107 408
107 409
107 410
107 411
107 412
107 413
107 414
107 415
107 416
107 417
107 418
107 419
107 420
107 421
107 422
107 423
107 424
107 425
107 426
107 427
107 428
107 429
107 430
107 431
107 432
107 433
107 434
107 435
107 436
107 437
107 438
107 439
107 440
107 441
107 442
107 443
107 444
107 445
107 446
107 447
107 448
107 449
107 450
107 451
107 452
107 453
107 454
107 455
107 456
107 457
107 458
107 459
107 460
107 461
107 462
107 463
107 464
107 465
107 466
107 467
107 468
107 469
107 470
107 471
107 472
107 473
107 474
107 475
107 476
107 477
107 478
107 479
107 480
107 481
107 482
107 483
107 484
107 485
107 486
107 487
107 488
107 489
107 490
108 131
108 132
108 318
108 319
108 320
108 321
108 322
108 323
108 324
108 325
108 326
108 327
108 328
108 329
108 330
108 347
108 348
108 349
108 350
108 351
108 352
108 353
108 354
108 355
108 356
108 357
108 358
108 359
108 360
108 361
108 362
108 363
108 364
108 365
108 366
108 367
108 368
108 369
108 370
108 371
108 372
108 373
108 374
108 375
108 376
108 377
108 378
108 379
108 380
108 381
108 382
108 383
108 384
108 385
108 386
108 387
108 388
108 389
108 390
108 391
108 392
108 393
108 394
108 395
108 396
108 397
108 398
108 399
108 400
108 401
108 402
108 403
108 404
108 405
108 406
108 407
108 408
108 409
108 410
108 411
108 412
108 413
108 414
108 415
108 416
108 417
108 418
108 419
108 420
108 421
108 422
108 423
108 424
108 425
108 426
108 427
108 428
108 429
108 430
108 431
108 432
108 433
108 434
108 435
108 436
108 437
108 438
108 439
108 440
108 441
108 442
108 443
108 444
108 445
108 446
108 447
108 448
108 449
108 450
108 451
108 452
108 453
108 454
108 455
108 456
108 457
108 458
108 459
108 460
108 461
108 462
108 463
108 464
108 465
108 466
108 467
108 468
108 469
108 470
108 471
108 472
108 473
108 474
108 475
108 476
108 477
108 478
108 479
108 480
108 481
108 482
108 483
108 484
108 485
108 486
108 487
108 488
108 489
108 490
109 131
109 132
109 318
109 319
109 320
109 321
109 322
109 323
109 324
109 325
109 326
109 327
109 328
109 329
109 330
109 331
109 332
109 345
109 346
109 347
109 348
109 349
109 350
109 351
109 352
109 353
109 354
109 355
109 356
109 357
109 358
109 359
109 360
109 361
109 362
109 363
109 364
109 365
109 366
109 367
109 368
109 369
109 370
109 371
109 372
109 373
109 374
109 375
109 376
109 377
109 378
109 379
109 380
109 381
109 382
109 383
109 384
109 385
109 386
109 387
109 388
109 389
109 390
109 391
109 392
109 393
109 394
109 395
109 396
109 397
109 398
109 399
109 400
109 401
109 402
109 403
109 404
109 405
109 406
109 407
109 408
109 409
109 410
109 411
109 412
109 413
109 414
109 415
109 416
109 417
109 418
109 419
109 420
109 421
109 422
109 423
109 424
109 425
109 426
109 427
109 428
109 429
109 430
109 431
109 432
109 433
109 434
109 435
109 436
109 437
109 438
109 439
109 440
109 441
109 442
109 443
109 444
109 445
109 446
109 447
109 448
109 449
109 450
109 451
109 452
109 453
109 454
109 455
109 456
109 457
109 458
109 459
109 460
109 461
109 462
109 463
109 464
109 465
109 466
109 467
109 468
109 469
109 470
109 471
109 472
109 473
109 474
109 475
109 476
109 477
109 478
109 479
109 480
109 481
109 482
109 483
109 484
109 485
109 486
109 487
109 488
109 489
109 490
110 131
110 132
110 318
110 319
110 320
110 321
110 322
110 323
110 324
110 325
110 326
110 327
110 328
110 329
110 330
110 331
110 332
110 333
110 334
110 343
110 344
110 345
110 346
110 347
110 348
110 349
110 350
110 351
110 352
110 353
110 354
110 355
110 356
110 357
110 358
110 359
110 360
110 361
110 362
110 363
110 364
110 365
110 366
110 367
110 368
110 369
110 370
110 371
110 372
110 373
110 374
110 375
110 376
110 377
110 378
110 379
110 380
110 381
110 382
110 383
110 384
110 385
110 386
110 387
110 388
110 389
110 390
110 391
110 392
110 393
110 394
110 395
110 396
110 397
110 398
110 399
110 400
110 401
110 402
110 403
110 404
110 405
110 406
110 407
110 408
110 409
110 410
110 411
110 412
110 413
110 414
110 415
110 416
110 417
110 418
110 419
110 420
110 421
110 422
110 423
110 424
110 425
110 426
110 427
110 428
110 429
110 430
110 431
110 432
110 433
110 434
110 435
110 436
110 437
110 438
110 439
110 440
110 441
110 442
110 443
110 444
110 445
110 446
110 447
110 448
110 449
110 450
110 451
110 452
110 453
110 454
110 455
110 456
110 457
110 458
110 459
110 460
110 461
110 462
110 463
110 464
110 465
110 466
110 467
110 468
110 469
110 470
110 471
110 472
110 473
110 474
110 475
110 476
110 477
110 478
110 479
110 480
110 481
110 482
110 483
110 484
110 485
110 486
110 487
110 488
110 489
110 490
111 131
111 132
111 318
111 319
111 320
111 321
111 322
111 323
111 324
111 325
111 326
111 327
111 328
111 329
111 330
111 331
111 332
111 333
111 334
111 335
111 336
111 337
111 338
111 339
111 340
111 341
111 342
111 343
111 344
111 345
111 346
111 347
111 348
111 349
111 350
111 351
111 352
111 353
111 354
111 355
111 356
111 357
111 358
111 359
111 360
111 361
111 362
111 363
111 364
111 365
111 366
111 367
111 368
111 369
111 370
111 371
111 372
111 373
111 374
111 375
111 376
111 377
111 378
111 379
111 380
111 381
111 382
111 383
111 384
111 385
111 386
111 387
111 388
111 389
111 390
111 391
111 392
111 393
111 394
111 395
111 396
111 397
111 398
111 399
111 400
111 401
111 402
111 403
111 404
111 405
111 406
111 407
111 408
111 409
111 410
111 411
111 412
111 413
111 414
111 415
111 416
111 417
111 418
111 419
111 420
111 421
111 422
111 423
111 424
111 425
111 426
111 427
111 428
111 429
111 430
111 431
111 432
111 433
111 434
111 435
111 436
111 437
111 438
111 439
111 440
111 441
111 442
111 443
111 444
111 445
111 446
111 447
111 448
111 449
111 450
111 451
111 452
111 453
111 454
111 455
111 456
111 457
111 458
111 459
111 460
111 461
111 462
111 463
111 464
111 465
111 466
111 467
111 468
111 469
111 470
111 471
111 472
111 473
111 474
111 475
111 476
111 477
111 478
111 479
111 480
111 481
111 482
111 483
111 484
111 485
111 486
111 487
111 488
111 489
111 490
112 131
112 132
112 318
112 319
112 320
112 321
112 322
112 323
112 324
112 325
112 326
112 327
112 328
112 329
112 330
112 331
112 332
112 333
112 334
112 335
112 336
112 337
112 338
112 339
112 340
112 341
112 342
112 343
112 344
112 345
112 346
112 347
112 348
112 349
112 350
112 351
112 352
112 353
112 354
112 355
112 356
112 357
112 358
112 359
112 360
112 361
112 362
112 363
112 364
112 365
112 366
112 367
112 368
112 369
112 370
112 371
112 372
112 373
112 374
112 375
112 376
112 377
112 378
112 379
112 380
112 381
112 382
112 383
112 384
112 385
112 386
112 387
112 388
112 389
112 390
112 391
112 392
112 393
112 394
112 395
112 396
112 397
112 398
112 399
112 400
112 401
112 402
112 403
112 404
112 405
112 406
112 407
112 408
112 409
112 410
112 411
112 412
112 413
112 414
112 415
112 416
112 417
112 418
112 419
112 420
112 421
112 422
112 423
112 424
112 425
112 426
112 427
112 428
112 429
112 430
112 431
112 432
112 433
112 434
112 435
112 436
112 437
112 438
112 439
112 440
112 441
112 442
112 443
112 444
112 445
112 446
112 447
112 448
112 449
112 450
112 451
112 452
112 453
112 454
112 455
112 456
112 457
112 458
112 459
112 460
112 461
112 462
112 463
112 464
112 465
112 466
112 467
112 468
112 469
112 470
112 471
112 472
112 473
112 474
112 475
112 476
112 477
112 478
112 479
112 480
112 481
112 482
112 483
112 484
112 485
112 486
112 487
112 488
112 489
112 490
113 131
113 132
113 318
113 319
113 320
113 321
113 322
113 323
113 324
113 325
113 326
113 327
113 328
113 329
113 330
113 331
113 332
113 333
113 334
113 335
113 336
113 337
113 338
113 339
113 340
113 341
113 342
113 343
113 344
113 345
113 346
113 347
113 348
113 349
113 350
113 351
113 352
113 353
113 354
113 355
113 356
113 357
113 358
113 359
113 360
113 361
113 362
113 363
113 364
113 365
113 366
113 367
113 368
113 369
113 370
113 371
113 372
113 373
113 374
113 375
113 376
113 377
113 378
113 379
113 380
113 381
113 382
113 383
113 384
113 385
113 386
113 387
113 388
113 389
113 390
113 391
113 392
113 393
113 394
113 395
113 396
113 397
113 398
113 399
113 400
113 401
113 402
113 403
113 404
113 405
113 406
113 407
113 408
113 409
113 410
113 411
113 412
113 413
113 414
113 415
113 416
113 417
113 418
113 419
113 420
113 421
113 422
113 423
113 424
113 425
113 426
113 427
113 428
113 429
113 430
113 431
113 432
113 433
113 434
113 435
113 436
113 437
113 438
113 439
113 440
113 441
113 442
113 443
113 444
113 445
113 446
113 447
113 448
113 449
113 450
113 451
113 452
113 453
113 454
113 455
113 456
113 457
113 458
113 459
113 460
113 461
113 462
113 463
113 464
113 465
113 466
113 467
113 468
113 469
113 470
113 471
113 472
113 473
113 474
113 475
113 476
113 477
113 478
113 479
113 480
113 481
113 482
113 483
113 484
113 485
113 486
113 487
113 488
113 489
113 490
114 131
114 132
114 488
114 489
114 490
115 131
115 132
115 488
115 489
115 490
116 131
116 132
116 488
116 489
116 490
117 131
117 132
117 488
117 489
117 490
118 131
118 132
118 488
118 489
118 490
119 131
119 132
119 488
119 489
119 490
120 131
120 132
120 488
120 489
120 490
121 131
121 132
121 488
121 489
121 490
122 131
122 132
122 488
122 489
122 490
123 131
123 132
123 488
123 489
123 490
124 131
124 132
124 488
124 489
124 490
125 131
125 132
125 488
125 489
125 490
126 131
126 132
126 488
126 489
126 490
127 131
127 132
127 488
127 489
127 490
128 131
128 132
128 488
128 489
128 490
129 131
129 132
129 488
129 489
129 490
130 131
130 132
130 488
130 489
130 490
131 131
131 132
131 488
131 489
131 490
132 131
132 132
132 488
132 489
132 490
133 131
133 132
133 488
133 489
133 490
134 131
134 132
134 488
134 489
134 490
135 131
135 132
135 488
135 489
135 490
136 131
136 132
136 488
136 489
136 490
137 131
137 132
137 488
137 489
137 490
138 131
138 132
138 488
138 489
138 490
139 131
139 132
139 488
139 489
139 490
140 131
140 132
140 488
140 489
140 490
141 131
141 132
141 488
141 489
141 490
142 131
142 132
142 488
142 489
142 490
143 131
143 132
143 488
143 489
143 490
144 131
144 132
144 488
144 489
144 490
145 131
145 132
145 488
145 489
145 490
146 131
146 132
146 488
146 489
146 490
147 131
147 132
147 488
147 489
147 490
148 131
148 132
148 488
148 489
148 490
149 131
149 132
149 488
149 489
149 490
150 131
150 132
150 488
150 489
150 490
151 131
151 132
151 488
151 489
151 490
152 131
152 132
152 488
152 489
152 490
153 131
153 132
153 488
153 489
153 490
154 131
154 132
154 488
154 489
154 490
155 131
155 132
155 488
155 489
155 490
156 131
156 132
156 488
156 489
156 490
157 131
157 132
157 488
157 489
157 490
158 131
158 132
158 488
158 489
158 490
159 131
159 132
159 488
159 489
159 490
160 131
160 132
160 488
160 489
160 490
161 131
161 132
161 488
161 489
161 490
162 131
162 132
162 488
162 489
162 490
163 131
163 132
163 488
163 489
163 490
164 131
164 132
164 488
164 489
164 490
165 131
165 132
165 488
165 489
165 490
166 131
166 132
166 488
166 489
166 490
167 131
167 132
167 488
167 489
167 490
168 131
168 132
168 488
168 489
168 490
169 131
169 132
169 488
169 489
169 490
170 131
170 132
170 488
170 489
170 490
171 131
171 132
171 488
171 489
171 490
172 131
172 132
172 488
172 489
172 490
173 131
173 132
173 488
173 489
173 490
174 131
174 132
174 488
174 489
174 490
175 131
175 132
175 488
175 489
175 490
176 131
176 132
176 488
176 489
176 490
177 131
177 132
177 488
177 489
177 490
178 131
178 132
178 488
178 489
178 490
179 131
179 132
179 488
179 489
179 490
180 131
180 132
180 488
180 489
180 490
181 131
181 132
181 488
181 489
181 490
182 131
182 132
182 488
182 489
182 490
183 131
183 132
183 488
183 489
183 490
184 131
184 132
184 488
184 489
184 490
185 131
185 132
185 488
185 489
185 490
186 131
186 132
186 488
186 489
186 490
187 131
187 132
187 488
187 489
187 490
188 131
188 132
188 488
188 489
188 490
189 131
189 132
189 488
189 489
189 490
190 131
190 132
190 488
190 489
190 490
191 131
191 132
191 488
191 489
191 490
192 131
192 132
192 488
192 489
192 490
193 131
193 132
193 488
193 489
193 490
194 131
194 132
194 488
194 489
194 490
195 131
195 132
195 488
195 489
195 490
196 131
196 132
196 488
196 489
196 490
197 131
197 132
197 133
197 134
197 135
197 136
197 137
197 138
197 139
197 140
197 141
197 142
197 143
197 144
197 145
197 146
197 147
197 148
197 149
197 150
197 151
197 152
197 153
197 154
197 155
197 156
197 157
197 158
197 159
197 160
197 161
197 162
197 163
197 164
197 165
197 166
197 167
197 168
197 169
197 170
197 171
197 172
197 173
197 174
197 175
197 176
197 177
197 178
197 179
197 180
197 181
197 182
197 183
197 184
197 185
197 186
197 187
197 188
197 189
197 190
197 191
197 192
197 193
197 194
197 195
197 196
197 197
197 198
197 199
197 200
197 201
197 202
197 203
197 204
197 205
197 206
197 207
197 208
197 209
197 210
197 211
197 212
197 213
197 214
197 215
197 216
197 217
197 218
197 219
197 220
197 221
197 222
197 223
197 224
197 225
197 226
197 227
197 228
197 229
197 230
197 231
197 232
197 233
197 234
197 235
197 236
197 237
197 238
197 239
197 240
197 241
197 242
197 243
197 244
197 245
197 246
197 247
197 248
197 249
197 250
197 251
197 252
197 253
197 254
197 255
197 256
197 257
197 258
197 259
197 260
197 261
197 262
197 263
197 264
197 265
197 266
197 267
197 268
197 269
197 270
197 271
197 272
197 273
197 274
197 275
197 276
197 277
197 278
197 279
197 280
197 281
197 282
197 283
197 284
197 285
197 286
197 287
197 288
197 289
197 290
197 291
197 292
197 293
197 294
197 295
197 296
197 297
197 298
197 299
197 300
197 301
197 302
197 303
197 304
197 305
197 306
197 307
197 308
197 309
197 310
197 311
197 312
197 313
197 314
197 315
197 316
197 317
197 318
197 319
197 320
197 321
197 322
197 323
197 324
197 325
197 326
197 327
197 328
197 329
197 330
197 331
197 332
197 333
197 334
197 335
197 336
197 337
197 338
197 339
197 340
197 341
197 342
197 343
197 344
197 345
197 346
197 347
197 348
197 349
197 350
197 351
197 352
197 353
197 354
197 355
197 356
197 357
197 358
197 359
197 360
197 361
197 362
197 363
197 364
197 365
197 366
197 367
197 368
197 369
197 370
197 371
197 372
197 373
197 374
197 375
197 376
197 377
197 378
197 379
197 380
197 381
197 382
197 383
197 384
197 385
197 386
197 387
197 388
197 389
197 390
197 391
197 392
197 393
197 394
197 395
197 396
197 397
197 398
197 399
197 400
197 401
197 402
197 403
197 404
197 405
197 406
197 407
197 408
197 409
197 410
197 411
197 412
197 413
197 414
197 415
197 416
197 417
197 418
197 419
197 420
197 421
197 422
197 423
197 424
197 425
197 426
197 427
197 428
197 429
197 430
197 431
197 432
197 433
197 434
197 435
197 436
197 437
197 438
197 439
197 440
197 441
197 442
197 443
197 444
197 445
197 446
197 447
197 448
197 449
197 450
197 451
197 452
197 453
197 454
197 455
197 456
197 457
197 458
197 459
197 460
197 461
197 462
197 463
197 464
197 465
197 466
197 467
197 468
197 469
197 470
197 471
197 472
197 473
197 474
197 475
197 476
197 477
197 478
197 479
197 480
197 481
197 482
197 483
197 484
197 485
197 486
197 487
197 488
197 489
197 490
198 131
198 132
198 133
198 134
198 135
198 136
198 137
198 138
198 139
198 140
198 141
198 142
198 143
198 144
198 145
198 146
198 147
198 148
198 149
198 150
198 151
198 152
198 153
198 154
198 155
198 156
198 157
198 158
198 159
198 160
198 161
198 162
198 163
198 164
198 165
198 166
198 167
198 168
198 169
198 170
198 171
198 172
198 173
198 174
198 175
198 176
198 177
198 178
198 179
198 180
198 181
198 182
198 183
198 184
198 185
198 186
198 187
198 188
198 189
198 190
198 191
198 192
198 193
198 194
198 195
198 196
198 197
198 198
198 199
198 200
198 201
198 202
198 203
198 204
198 205
198 206
198 207
198 208
198 209
198 210
198 211
198 212
198 213
198 214
198 215
198 216
198 217
198 218
198 219
198 220
198 221
198 222
198 223
198 224
198 225
198 226
198 227
198 228
198 229
198 230
198 231
198 232
198 233
198 234
198 235
198 236
198 237
198 238
198 239
198 240
198 241
198 242
198 243
198 244
198 245
198 246
198 247
198 248
198 249
198 250
198 251
198 252
198 253
198 254
198 255
198 256
198 257
198 258
198 259
198 260
198 261
198 262
198 263
198 264
198 265
198 266
198 267
198 268
198 269
198 270
198 271
198 272
198 273
198 274
198 275
198 276
198 277
198 278
198 279
198 280
198 281
198 282
198 283
198 284
198 285
198 286
198 287
198 288
198 289
198 290
198 291
198 292
198 293
198 294
198 295
198 296
198 297
198 298
198 299
198 300
198 301
198 302
198 303
198 304
198 305
198 306
198 307
198 308
198 309
198 310
198 311
198 312
198 313
198 314
198 315
198 316
198 317
198 318
198 319
198 320
198 321
198 322
198 323
198 324
198 325
198 326
198 327
198 328
198 329
198 330
198 331
198 332
198 333
198 334
198 335
198 336
198 337
198 338
198 339
198 340
198 341
198 342
198 343
198 344
198 345
198 346
198 347
198 348
198 349
198 350
198 351
198 352
198 353
198 354
198 355
198 356
198 357
198 358
198 359
198 360
198 361
198 362
198 363
198 364
198 365
198 366
198 367
198 368
198 369
198 370
198 371
198 372
198 373
198 374
198 375
198 376
198 377
198 378
198 379
198 380
198 381
198 382
198 383
198 384
198 385
198 386
198 387
198 388
198 389
198 390
198 391
198 392
198 393
198 394
198 395
198 396
198 397
198 398
198 399
198 400
198 401
198 402
198 403
198 404
198 405
198 406
198 407
198 408
198 409
198 410
198 411
198 412
198 413
198 414
198 415
198 416
198 417
198 418
198 419
198 420
198 421
198 422
198 423
198 424
198 425
198 426
198 427
198 428
198 429
198 430
198 431
198 432
198 433
198 434
198 435
198 436
198 437
198 438
198 439
198 440
198 441
198 442
198 443
198 444
198 445
198 446
198 447
198 448
198 449
198 450
198 451
198 452
198 453
198 454
198 455
198 456
198 457
198 458
198 459
198 460
198 461
198 462
198 463
198 464
198 465
198 466
198 467
198 468
198 469
198 470
198 471
198 472
198 473
198 474
198 475
198 476
198 477
198 478
198 479
198 480
198 481
198 482
198 483
198 484
198 485
198 486
198 487
198 488
198 489
198 490
199 131
199 132
199 133
199 134
199 135
199 136
199 137
199 138
199 139
199 140
199 141
199 142
199 143
199 144
199 145
199 146
199 147
199 148
199 149
199 150
199 151
199 152
199 153
199 154
199 155
199 156
199 157
199 158
199 159
199 160
199 161
199 162
199 163
199 164
199 165
199 166
199 167
199 168
199 169
199 170
199 171
199 172
199 173
199 174
199 175
199 176
199 177
199 178
199 179
199 180
199 181
199 182
199 183
199 184
199 185
199 186
199 187
199 188
199 189
199 190
199 191
199 192
199 193
199 194
199 195
199 196
199 197
199 198
199 199
199 200
199 201
199 202
199 203
199 204
199 205
199 206
199 207
199 208
199 209
199 210
199 211
199 212
199 213
199 214
199 215
199 216
199 217
199 218
199 219
199 220
199 221
199 222
199 223
199 224
199 225
199 226
199 227
199 228
199 229
199 230
199 231
199 232
199 233
199 234
199 235
199 236
199 237
199 238
199 239
199 240
199 241
199 242
199 243
199 244
199 245
199 246
199 247
199 248
199 249
199 250
199 251
199 252
199 253
199 254
199 255
199 256
199 257
199 258
199 259
199 260
199 261
199 262
199 263
199 264
199 265
199 266
199 267
199 268
199 269
199 270
199 271
199 272
199 273
199 274
199 275
199 276
199 277
199 278
199 279
199 280
199 281
199 282
199 283
199 284
199 285
199 286
199 287
199 288
199 289
199 290
199 291
199 292
199 293
199 294
199 295
199 296
199 297
199 298
199 299
199 300
199 301
199 302
199 303
199 304
199 305
199 306
199 307
199 308
199 309
199 310
199 311
199 312
199 313
199 314
199 315
199 316
199 317
199 318
199 319
199 320
199 321
199 322
199 323
199 324
199 325
199 326
199 327
199 328
199 329
199 330
199 331
199 332
199 333
199 334
199 335
199 336
199 337
199 338
199 339
199 340
199 341
199 342
199 343
199 344
199 345
199 346
199 347
199 348
199 349
199 350
199 351
199 352
199 353
199 354
199 355
199 356
199 357
199 358
199 359
199 360
199 361
199 362
199 363
199 364
199 365
199 366
199 367
199 368
199 369
199 370
199 371
199 372
199 373
199 374
199 375
199 376
199 377
199 378
199 379
199 380
199 381
199 382
199 383
199 384
199 385
199 386
199 387
199 388
199 389
199 390
199 391
199 392
199 393
199 394
199 395
199 396
199 397
199 398
199 399
199 400
199 401
199 402
199 403
199 404
199 405
199 406
199 407
199 408
199 409
199 410
199 411
199 412
199 413
199 414
199 415
199 416
199 417
199 418
199 419
199 420
199 421
199 422
199 423
199 424
199 425
199 426
199 427
199 428
199 429
199 430
199 431
199 432
199 433
199 434
199 435
199 436
199 437
199 438
199 439
199 440
199 441
199 442
199 443
199 444
199 445
199 446
199 447
199 448
199 449
199 450
199 451
199 452
199 453
199 454
199 455
199 456
199 457
199 458
199 459
199 460
199 461
199 462
199 463
199 464
199 465
199 466
199 467
199 468
199 469
199 470
199 471
199 472
199 473
199 474
199 475
199 476
199 477
199 478
199 479
199 480
199 481
199 482
199 483
199 484
199 485
199 486
199 487
199 488
199 489
199 490