7643
36 76
36 77
36 78
36 79
36 80
36 81
36 82
37 66
37 67
37 68
37 69
37 70
37 71
37 72
37 73
37 74
37 75
37 76
37 77
37 78
37 79
37 80
37 81
37 82
37 83
37 84
37 85
37 86
37 87
37 88
37 89
37 90
37 91
37 92
37 93
37 94
37 95
37 96
37 97
37 98
37 99
37 100
37 101
37 102
37 103
37 104
37 105
37 106
37 107
37 108
37 109
38 59
38 60
38 61
38 62
38 63
38 64
38 65
38 66
38 67
38 68
38 69
38 70
38 71
38 72
38 73
38 74
38 75
38 76
38 77
38 78
38 79
38 80
38 81
38 82
38 83
38 84
38 85
38 86
38 87
38 88
38 89
38 90
38 91
38 92
38 93
38 94
38 95
38 96
38 97
38 98
38 99
38 100
38 101
38 102
38 103
38 104
38 105
38 106
38 107
38 108
38 109
38 110
38 111
38 112
38 113
38 114
38 115
38 116
38 117
38 118
39 54
39 55
39 56
39 57
39 58
39 59
39 60
39 61
39 62
39 63
39 64
39 65
39 66
39 67
39 68
39 69
39 70
39 71
39 72
39 73
39 74
39 75
39 76
39 77
39 78
39 79
39 80
39 81
39 82
39 83
39 84
39 85
39 86
39 87
39 88
39 89
39 90
39 91
39 92
39 93
39 94
39 95
39 96
39 97
39 98
39 99
39 100
39 101
39 102
39 103
39 104
39 105
39 106
39 107
39 108
39 109
39 110
39 111
39 112
39 113
39 114
39 115
39 116
39 117
39 118
39 119
39 120
39 121
39 122
39 123
39 124
40 50
40 51
40 52
40 53
40 54
40 55
40 56
40 57
40 58
40 59
40 60
40 61
40 62
40 63
40 64
40 65
40 66
40 67
40 68
40 69
40 70
40 71
40 72
40 73
40 74
40 75
40 76
40 77
40 78
40 79
40 80
40 81
40 82
40 83
40 84
40 85
40 86
40 87
40 88
40 89
40 90
40 91
40 92
40 93
40 94
40 95
40 96
40 97
40 98
40 99
40 100
40 101
40 102
40 103
40 104
40 105
40 106
40 107
40 108
40 109
40 110
40 111
40 112
40 113
40 114
40 115
40 116
40 117
40 118
40 119
40 120
40 121
40 122
40 123
40 124
40 125
40 126
40 127
40 128
40 129
41 46
41 47
41 48
41 49
41 50
41 51
41 52
41 53
41 54
41 55
41 56
41 57
41 58
41 59
41 60
41 61
41 62
41 63
41 64
41 65
41 66
41 67
41 68
41 69
41 70
41 71
41 72
41 73
41 74
41 75
41 76
41 77
41 78
41 79
41 80
41 81
41 82
41 83
41 84
41 85
41 86
41 87
41 88
41 89
41 90
41 91
41 92
41 93
41 94
41 95
41 96
41 97
41 98
41 99
41 100
41 101
41 102
41 103
41 104
41 105
41 106
41 107
41 108
41 109
41 110
41 111
41 112
41 113
41 114
41 115
41 116
41 117
41 118
41 119
41 120
41 121
41 122
41 123
41 124
41 125
41 126
41 127
41 128
41 129
41 130
41 131
41 132
41 133
41 134
42 43
42 44
42 45
42 46
42 47
42 48
42 49
42 50
42 51
42 52
42 53
42 54
42 55
42 56
42 57
42 58
42 59
42 60
42 61
42 62
42 63
42 64
42 65
42 66
42 67
42 68
42 69
42 70
42 71
42 72
42 73
42 74
42 75
42 76
42 77
42 78
42 79
42 80
42 81
42 82
42 83
42 84
42 85
42 86
42 87
42 88
42 89
42 90
42 91
42 92
42 93
42 94
42 95
42 96
42 97
42 98
42 99
42 100
42 101
42 102
42 103
42 104
42 105
42 106
42 107
42 108
42 109
42 110
42 111
42 112
42 113
42 114
42 115
42 116
42 117
42 118
42 119
42 120
42 121
42 122
42 123
42 124
42 125
42 126
42 127
42 128
42 129
42 130
42 131
42 132
42 133
42 134
42 135
42 136
42 137
42 138
43 41
43 42
43 43
43 44
43 45
43 46
43 47
43 48
43 49
43 50
43 51
43 52
43 53
43 54
43 55
43 56
43 57
43 58
43 59
43 60
43 61
43 62
43 63
43 64
43 65
43 66
43 67
43 68
43 69
43 70
43 71
43 72
43 73
43 74
43 75
43 76
43 77
43 78
43 79
43 80
43 81
43 82
43 83
43 84
43 85
43 86
43 87
43 88
43 89
43 90
43 91
43 92
43 93
43 94
43 95
43 96
43 97
43 98
43 99
43 100
43 101
43 102
43 103
43 104
43 105
43 106
43 107
43 108
43 109
43 110
43 111
43 112
43 113
43 114
43 115
43 116
43 117
43 118
43 119
43 120
43 121
43 122
43 123
43 124
43 125
43 126
43 127
43 128
43 129
43 130
43 131
43 132
43 133
43 134
43 135
43 136
43 137
43 138
43 139
43 140
43 141
43 142
44 39
44 40
44 41
44 42
44 43
44 44
44 45
44 46
44 47
44 48
44 49
44 50
44 51
44 52
44 53
44 54
44 55
44 56
44 57
44 58
44 59
44 60
44 61
44 62
44 63
44 64
44 65
44 66
44 67
44 68
44 69
44 70
44 71
44 72
44 73
44 74
44 75
44 76
44 77
44 78
44 79
44 80
44 81
44 82
44 83
44 84
44 85
44 86
44 87
44 88
44 89
44 90
44 91
44 92
44 93
44 94
44 95
44 96
44 97
44 98
44 99
44 100
44 101
44 102
44 103
44 104
44 105
44 106
44 107
44 108
44 109
44 110
44 111
44 112
44 113
44 114
44 115
44 116
44 117
44 118
44 119
44 120
44 121
44 122
44 123
44 124
44 125
44 126
44 127
44 128
44 129
44 130
44 131
44 132
44 133
44 134
44 135
44 136
44 137
44 138
44 139
44 140
44 141
44 142
44 143
44 144
44 145
44 146
45 38
45 39
45 40
45 41
45 42
45 43
45 44
45 45
45 46
45 47
45 48
45 49
45 50
45 51
45 52
45 53
45 54
45 55
45 56
45 57
45 58
45 59
45 60
45 61
45 62
45 63
45 64
45 65
45 66
45 67
45 68
45 69
45 70
45 71
45 72
45 73
45 74
45 75
45 76
45 77
45 78
45 79
45 80
45 81
45 82
45 83
45 84
45 85
45 86
45 87
45 88
45 89
45 90
45 91
45 92
45 93
45 94
45 95
45 96
45 97
45 98
45 99
45 100
45 101
45 102
45 103
45 104
45 105
45 106
45 107
45 108
45 109
45 110
45 111
45 112
45 113
45 114
45 115
45 116
45 117
45 118
45 119
45 120
45 121
45 122
45 123
45 124
45 125
45 126
45 127
45 128
45 129
45 130
45 131
45 132
45 133
45 134
45 135
45 136
45 137
45 138
45 139
45 140
45 141
45 142
45 143
45 144
45 145
45 146
45 147
45 148
45 149
46 36
46 37
46 38
46 39
46 40
46 41
46 42
46 43
46 44
46 45
46 46
46 47
46 48
46 49
46 50
46 51
46 52
46 53
46 54
46 55
46 56
46 57
46 58
46 59
46 60
46 61
46 62
46 63
46 64
46 65
46 66
46 67
46 68
46 69
46 70
46 71
46 72
46 73
46 74
46 75
46 76
46 77
46 78
46 79
46 80
46 81
46 82
46 83
46 84
46 85
46 86
46 87
46 88
46 89
46 90
46 91
46 92
46 93
46 94
46 95
46 96
46 97
46 98
46 99
46 100
46 101
46 102
46 103
46 104
46 105
46 106
46 107
46 108
46 109
46 110
46 111
46 112
46 113
46 114
46 115
46 116
46 117
46 118
46 119
46 120
46 121
46 122
46 123
46 124
46 125
46 126
46 127
46 128
46 129
46 130
46 131
46 132
46 133
46 134
46 135
46 136
46 137
46 138
46 139
46 140
46 141
46 142
46 143
46 144
46 145
46 146
46 147
46 148
46 149
46 150
46 151
46 152
47 35
47 36
47 37
47 38
47 39
47 40
47 41
47 42
47 43
47 44
47 45
47 46
47 47
47 48
47 49
47 50
47 51
47 52
47 53
47 54
47 55
47 56
47 57
47 58
47 59
47 60
47 61
47 62
47 63
47 64
47 65
47 66
47 67
47 68
47 69
47 70
47 71
47 72
47 73
47 74
47 75
47 76
47 77
47 78
47 79
47 80
47 81
47 82
47 83
47 84
47 85
47 86
47 87
47 88
47 89
47 90
47 91
47 92
47 93
47 94
47 95
47 96
47 97
47 98
47 99
47 100
47 101
47 102
47 103
47 104
47 105
47 106
47 107
47 108
47 109
47 110
47 111
47 112
47 113
47 114
47 115
47 116
47 117
47 118
47 119
47 120
47 121
47 122
47 123
47 124
47 125
47 126
47 127
47 128
47 129
47 130
47 131
47 132
47 133
47 134
47 135
47 136
47 137
47 138
47 139
47 140
47 141
47 142
47 143
47 144
47 145
47 146
47 147
47 148
47 149
47 150
47 151
47 152
47 153
47 154
47 155
48 34
48 35
48 36
48 37
48 38
48 39
48 40
48 41
48 42
48 43
48 44
48 45
48 46
48 47
48 48
48 49
48 50
48 51
48 52
48 53
48 54
48 55
48 56
48 57
48 58
48 59
48 60
48 61
48 62
48 63
48 64
48 65
48 66
48 67
48 68
48 69
48 70
48 71
48 72
48 73
48 74
48 75
48 76
48 77
48 78
48 79
48 80
48 81
48 82
48 83
48 84
48 85
48 86
48 87
48 88
48 89
48 90
48 91
48 92
48 93
48 94
48 95
48 96
48 97
48 98
48 99
48 100
48 101
48 102
48 103
48 104
48 105
48 106
48 107
48 108
48 109
48 110
48 111
48 112
48 113
48 114
48 115
48 116
48 117
48 118
48 119
48 120
48 121
48 122
48 123
48 124
48 125
48 126
48 127
48 128
48 129
48 130
48 131
48 132
48 133
48 134
48 135
48 136
48 137
48 138
48 139
48 140
48 141
48 142
48 143
48 144
48 145
48 146
48 147
48 148
48 149
48 150
48 151
48 152
48 153
48 154
48 155
48 156
48 157
48 158
49 33
49 34
49 35
49 36
49 37
49 38
49 39
49 40
49 41
49 42
49 43
49 44
49 45
49 46
49 47
49 48
49 49
49 50
49 51
49 52
49 53
49 54
49 55
49 56
49 57
49 58
49 59
49 60
49 61
49 62
49 63
49 64
49 65
49 66
49 67
49 68
49 69
49 70
49 71
49 72
49 73
49 74
49 75
49 76
49 77
49 78
49 79
49 80
49 81
49 82
49 83
49 84
49 85
49 86
49 87
49 88
49 89
49 90
49 91
49 92
49 93
49 94
49 95
49 96
49 97
49 98
49 99
49 100
49 101
49 102
49 103
49 104
49 105
49 106
49 107
49 108
49 109
49 110
49 111
49 112
49 113
49 114
49 115
49 116
49 117
49 118
49 119
49 120
49 121
49 122
49 123
49 124
49 125
49 126
49 127
49 128
49 129
49 130
49 131
49 132
49 133
49 134
49 135
49 136
49 137
49 138
49 139
49 140
49 141
49 142
49 143
49 144
49 145
49 146
49 147
49 148
49 149
49 150
49 151
49 152
49 153
49 154
49 155
49 156
49 157
49 158
49 159
49 160
49 161
50 33
50 34
50 35
50 36
50 37
50 38
50 39
50 40
50 41
50 42
50 43
50 44
50 45
50 46
50 47
50 48
50 49
50 50
50 51
50 52
50 53
50 54
50 55
50 56
50 57
50 58
50 59
50 60
50 61
50 62
50 63
50 64
50 65
50 66
50 67
50 68
50 69
50 70
50 71
50 72
50 73
50 74
50 75
50 76
50 77
50 78
50 79
50 80
50 81
50 82
50 83
50 84
50 85
50 86
50 87
50 88
50 89
50 90
50 91
50 92
50 93
50 94
50 95
50 96
50 97
50 98
50 99
50 100
50 101
50 102
50 103
50 104
50 105
50 106
50 107
50 108
50 109
50 110
50 111
50 112
50 113
50 114
50 115
50 116
50 117
50 118
50 119
50 120
50 121
50 122
50 123
50 124
50 125
50 126
50 127
50 128
50 129
50 130
50 131
50 132
50 133
50 134
50 135
50 136
50 137
50 138
50 139
50 140
50 141
50 142
50 143
50 144
50 145
50 146
50 147
50 148
50 149
50 150
50 151
50 152
50 153
50 154
50 155
50 156
50 157
50 158
50 159
50 160
50 161
50 162
50 163
50 164
51 32
51 33
51 34
51 35
51 36
51 37
51 38
51 39
51 40
51 41
51 42
51 43
51 44
51 45
51 46
51 47
51 48
51 49
51 50
51 51
51 52
51 53
51 54
51 55
51 56
51 57
51 58
51 59
51 60
51 61
51 62
51 63
51 64
51 65
51 66
51 67
51 68
51 69
51 70
51 71
51 72
51 73
51 74
51 75
51 76
51 77
51 78
51 79
51 80
51 81
51 82
51 83
51 84
51 85
51 86
51 87
51 88
51 89
51 90
51 91
51 92
51 93
51 94
51 95
51 96
51 97
51 98
51 99
51 100
51 101
51 102
51 103
51 104
51 105
51 106
51 107
51 108
51 109
51 110
51 111
51 112
51 113
51 114
51 115
51 116
51 117
51 118
51 119
51 120
51 121
51 122
51 123
51 124
51 125
51 126
51 127
51 128
51 129
51 130
51 131
51 132
51 133
51 134
51 135
51 136
51 137
51 138
51 139
51 140
51 141
51 142
51 143
51 144
51 145
51 146
51 147
51 148
51 149
51 150
51 151
51 152
51 153
51 154
51 155
51 156
51 157
51 158
51 159
51 160
51 161
51 162
51 163
51 164
51 165
51 166
51 167
52 32
52 33
52 34
52 35
52 36
52 37
52 38
52 39
52 40
52 41
52 42
52 43
52 44
52 45
52 46
52 47
52 48
52 49
52 50
52 51
52 52
52 53
52 54
52 55
52 56
52 57
52 58
52 59
52 60
52 61
52 62
52 63
52 64
52 65
52 66
52 67
52 68
52 69
52 70
52 71
52 72
52 73
52 74
52 75
52 76
52 77
52 78
52 79
52 80
52 81
52 82
52 83
52 84
52 85
52 86
52 87
52 88
52 89
52 90
52 91
52 92
52 93
52 94
52 95
52 96
52 97
52 98
52 99
52 100
52 101
52 102
52 103
52 104
52 105
52 106
52 107
52 108
52 109
52 110
52 111
52 112
52 113
52 114
52 115
52 116
52 117
52 118
52 119
52 120
52 121
52 122
52 123
52 124
52 125
52 126
52 127
52 128
52 129
52 130
52 131
52 132
52 133
52 134
52 135
52 136
52 137
52 138
52 139
52 140
52 141
52 142
52 143
52 144
52 145
52 146
52 147
52 148
52 149
52 150
52 151
52 152
52 153
52 154
52 155
52 156
52 157
52 158
52 159
52 160
52 161
52 162
52 163
52 164
52 165
52 166
52 167
52 168
52 169
53 32
53 33
53 34
53 35
53 36
53 37
53 38
53 39
53 40
53 41
53 42
53 43
53 44
53 45
53 46
53 47
53 48
53 49
53 50
53 51
53 52
53 53
53 54
53 55
53 56
53 57
53 58
53 59
53 60
53 61
53 62
53 63
53 64
53 65
53 66
53 67
53 68
53 69
53 70
53 71
53 72
53 73
53 74
53 75
53 76
53 77
53 78
53 79
53 80
53 81
53 82
53 83
53 84
53 85
53 86
53 87
53 88
53 89
53 90
53 91
53 92
53 93
53 94
53 95
53 96
53 97
53 98
53 99
53 100
53 101
53 102
53 103
53 104
53 105
53 106
53 107
53 108
53 109
53 110
53 111
53 112
53 113
53 114
53 115
53 116
53 117
53 118
53 119
53 120
53 121
53 122
53 123
53 124
53 125
53 126
53 127
53 128
53 129
53 130
53 131
53 132
53 133
53 134
53 135
53 136
53 137
53 138
53 139
53 140
53 141
53 142
53 143
53 144
53 145
53 146
53 147
53 148
53 149
53 150
53 151
53 152
53 153
53 154
53 155
53 156
53 157
53 158
53 159
53 160
53 161
53 162
53 163
53 164
53 165
53 166
53 167
53 168
53 169
53 170
53 171
53 172
54 32
54 33
54 34
54 35
54 36
54 37
54 38
54 39
54 40
54 41
54 42
54 43
54 44
54 45
54 46
54 47
54 48
54 49
54 50
54 51
54 52
54 53
54 54
54 55
54 56
54 57
54 58
54 59
54 60
54 61
54 62
54 63
54 64
54 65
54 66
54 67
54 68
54 69
54 70
54 71
54 72
54 73
54 74
54 75
54 76
54 77
54 78
54 79
54 80
54 81
54 82
54 83
54 84
54 85
54 86
54 87
54 88
54 89
54 90
54 91
54 92
54 93
54 94
54 95
54 96
54 97
54 98
54 99
54 100
54 101
54 102
54 103
54 104
54 105
54 106
54 107
54 108
54 109
54 110
54 111
54 112
54 113
54 114
54 115
54 116
54 117
54 118
54 119
54 120
54 121
54 122
54 123
54 124
54 125
54 126
54 127
54 128
54 129
54 130
54 131
54 132
54 133
54 134
54 135
54 136
54 137
54 138
54 139
54 140
54 141
54 142
54 143
54 144
54 145
54 146
54 147
54 148
54 149
54 150
54 151
54 152
54 153
54 154
54 155
54 156
54 157
54 158
54 159
54 160
54 161
54 162
54 163
54 164
54 165
54 166
54 167
54 168
54 169
54 170
54 171
54 172
54 173
54 174
54 175
55 32
55 33
55 34
55 35
55 36
55 37
55 38
55 39
55 40
55 41
55 42
55 43
55 44
55 45
55 46
55 47
55 48
55 49
55 50
55 51
55 52
55 53
55 54
55 55
55 56
55 57
55 58
55 59
55 60
55 61
55 62
55 63
55 64
55 65
55 66
55 67
55 68
55 69
55 70
55 71
55 72
55 73
55 74
55 75
55 76
55 77
55 78
55 79
55 80
55 81
55 82
55 83
55 84
55 85
55 86
55 87
55 88
55 89
55 90
55 91
55 92
55 93
55 94
55 95
55 96
55 97
55 98
55 99
55 100
55 101
55 102
55 103
55 104
55 105
55 106
55 107
55 108
55 109
55 110
55 111
55 112
55 113
55 114
55 115
55 116
55 117
55 118
55 119
55 120
55 121
55 122
55 123
55 124
55 125
55 126
55 127
55 128
55 129
55 130
55 131
55 132
55 133
55 134
55 135
55 136
55 137
55 138
55 139
55 140
55 141
55 142
55 143
55 144
55 145
55 146
55 147
55 148
55 149
55 150
55 151
55 152
55 153
55 154
55 155
55 156
55 157
55 158
55 159
55 160
55 161
55 162
55 163
55 164
55 165
55 166
55 167
55 168
55 169
55 170
55 171
55 172
55 173
55 174
55 175
55 176
55 177
56 32
56 33
56 34
56 35
56 36
56 37
56 38
56 39
56 40
56 41
56 42
56 43
56 44
56 45
56 46
56 47
56 48
56 49
56 50
56 51
56 52
56 53
56 54
56 55
56 56
56 57
56 58
56 59
56 60
56 61
56 62
56 63
56 64
56 65
56 66
56 67
56 68
56 69
56 70
56 71
56 72
56 73
56 74
56 75
56 76
56 77
56 78
56 79
56 80
56 81
56 82
56 83
56 84
56 85
56 86
56 87
56 88
56 89
56 90
56 91
56 92
56 93
56 94
56 95
56 96
56 97
56 98
56 99
56 100
56 101
56 102
56 103
56 104
56 105
56 106
56 107
56 108
56 109
56 110
56 111
56 112
56 113
56 114
56 115
56 116
56 117
56 118
56 119
56 120
56 121
56 122
56 123
56 124
56 125
56 126
56 127
56 128
56 129
56 130
56 131
56 132
56 133
56 134
56 135
56 136
56 137
56 138
56 139
56 140
56 141
56 142
56 143
56 144
56 145
56 146
56 147
56 148
56 149
56 150
56 151
56 152
56 153
56 154
56 155
56 156
56 157
56 158
56 159
56 160
56 161
56 162
56 163
56 164
56 165
56 166
56 167
56 168
56 169
56 170
56 171
56 172
56 173
56 174
56 175
56 176
56 177
56 178
56 179
56 180
57 32
57 33
57 34
57 35
57 36
57 37
57 38
57 39
57 40
57 41
57 42
57 43
57 44
57 45
57 46
57 47
57 48
57 49
57 50
57 51
57 52
57 53
57 54
57 55
57 56
57 57
57 58
57 59
57 60
57 61
57 62
57 63
57 64
57 65
57 66
57 67
57 68
57 69
57 70
57 71
57 72
57 73
57 74
57 75
57 76
57 77
57 78
57 79
57 80
57 81
57 82
57 83
57 84
57 85
57 86
57 87
57 88
57 89
57 90
57 91
57 92
57 93
57 94
57 95
57 96
57 97
57 98
57 99
57 100
57 101
57 102
57 103
57 104
57 105
57 106
57 107
57 108
57 109
57 110
57 111
57 112
57 113
57 114
57 115
57 116
57 117
57 118
57 119
57 120
57 121
57 122
57 123
57 124
57 125
57 126
57 127
57 128
57 129
57 130
57 131
57 132
57 133
57 134
57 135
57 136
57 137
57 138
57 139
57 140
57 141
57 142
57 143
57 144
57 145
57 146
57 147
57 148
57 149
57 150
57 151
57 152
57 153
57 154
57 155
57 156
57 157
57 158
57 159
57 160
57 161
57 162
57 163
57 164
57 165
57 166
57 167
57 168
57 169
57 170
57 171
57 172
57 173
57 174
57 175
57 176
57 177
57 178
57 179
57 180
57 181
57 182
58 32
58 33
58 34
58 35
58 36
58 37
58 38
58 39
58 40
58 41
58 42
58 43
58 44
58 45
58 46
58 47
58 48
58 49
58 50
58 51
58 52
58 53
58 54
58 55
58 56
58 57
58 58
58 59
58 60
58 61
58 62
58 63
58 64
58 65
58 66
58 67
58 68
58 69
58 70
58 71
58 72
58 73
58 74
58 75
58 76
58 77
58 78
58 79
58 80
58 81
58 82
58 83
58 84
58 85
58 86
58 87
58 88
58 89
58 90
58 91
58 92
58 93
58 94
58 95
58 96
58 97
58 98
58 99
58 100
58 101
58 102
58 103
58 104
58 105
58 106
58 107
58 108
58 109
58 110
58 111
58 112
58 113
58 114
58 115
58 116
58 117
58 118
58 119
58 120
58 121
58 122
58 123
58 124
58 125
58 126
58 127
58 128
58 129
58 130
58 131
58 132
58 133
58 134
58 135
58 136
58 137
58 138
58 139
58 140
58 141
58 142
58 143
58 144
58 145
58 146
58 147
58 148
58 149
58 150
58 151
58 152
58 153
58 154
58 155
58 156
58 157
58 158
58 159
58 160
58 161
58 162
58 163
58 164
58 165
58 166
58 167
58 168
58 169
58 170
58 171
58 172
58 173
58 174
58 175
58 176
58 177
58 178
58 179
58 180
58 181
58 182
58 183
58 184
59 32
59 33
59 34
59 35
59 36
59 37
59 38
59 39
59 40
59 41
59 42
59 43
59 44
59 45
59 46
59 47
59 48
59 49
59 50
59 51
59 52
59 53
59 54
59 55
59 56
59 57
59 58
59 59
59 60
59 61
59 62
59 63
59 64
59 65
59 66
59 67
59 68
59 69
59 70
59 71
59 72
59 73
59 74
59 75
59 76
59 77
59 78
59 79
59 80
59 81
59 82
59 83
59 84
59 85
59 86
59 87
59 88
59 89
59 90
59 91
59 92
59 93
59 94
59 95
59 96
59 97
59 98
59 99
59 100
59 101
59 102
59 103
59 104
59 105
59 106
59 107
59 108
59 109
59 110
59 111
59 112
59 113
59 114
59 115
59 116
59 117
59 118
59 119
59 120
59 121
59 122
59 123
59 124
59 125
59 126
59 127
59 128
59 129
59 130
59 131
59 132
59 133
59 134
59 135
59 136
59 137
59 138
59 139
59 140
59 141
59 142
59 143
59 144
59 145
59 146
59 147
59 148
59 149
59 150
59 151
59 152
59 153
59 154
59 155
59 156
59 157
59 158
59 159
59 160
59 161
59 162
59 163
59 164
59 165
59 166
59 167
59 168
59 169
59 170
59 171
59 172
59 173
59 174
59 175
59 176
59 177
59 178
59 179
59 180
59 181
59 182
59 183
59 184
59 185
59 186
59 187
60 32
60 33
60 34
60 35
60 36
60 37
60 38
60 39
60 40
60 41
60 42
60 43
60 44
60 45
60 46
60 47
60 48
60 49
60 50
60 51
60 52
60 53
60 54
60 55
60 56
60 57
60 58
60 59
60 60
60 61
60 62
60 63
60 64
60 65
60 66
60 67
60 68
60 69
60 70
60 71
60 72
60 73
60 74
60 75
60 76
60 77
60 78
60 79
60 80
60 81
60 82
60 83
60 84
60 85
60 86
60 87
60 88
60 89
60 90
60 91
60 92
60 93
60 94
60 95
60 96
60 97
60 98
60 99
60 100
60 101
60 102
60 103
60 104
60 105
60 106
60 107
60 108
60 109
60 110
60 111
60 112
60 113
60 114
60 115
60 116
60 117
60 118
60 119
60 120
60 121
60 122
60 123
60 124
60 125
60 126
60 127
60 128
60 129
60 130
60 131
60 132
60 133
60 134
60 135
60 136
60 137
60 138
60 139
60 140
60 141
60 142
60 143
60 144
60 145
60 146
60 147
60 148
60 149
60 150
60 151
60 152
60 153
60 154
60 155
60 156
60 157
60 158
60 159
60 160
60 161
60 162
60 163
60 164
60 165
60 166
60 167
60 168
60 169
60 170
60 171
60 172
60 173
60 174
60 175
60 176
60 177
60 178
60 179
60 180
60 181
60 182
60 183
60 184
60 185
60 186
60 187
60 188
60 189
61 32
61 33
61 34
61 35
61 36
61 37
61 38
61 39
61 40
61 41
61 42
61 43
61 44
61 45
61 46
61 47
61 48
61 49
61 50
61 51
61 52
61 53
61 54
61 55
61 56
61 57
61 58
61 59
61 60
61 61
61 62
61 63
61 64
61 65
61 66
61 67
61 68
61 69
61 70
61 71
61 72
61 73
61 74
61 75
61 76
61 77
61 78
61 79
61 80
61 81
61 82
61 83
61 84
61 85
61 86
61 87
61 88
61 89
61 90
61 91
61 92
61 93
61 94
61 95
61 96
61 97
61 98
61 99
61 100
61 101
61 102
61 103
61 104
61 105
61 106
61 107
61 108
61 109
61 110
61 111
61 112
61 113
61 114
61 115
61 116
61 117
61 118
61 119
61 120
61 121
61 122
61 123
61 124
61 125
61 126
61 127
61 128
61 129
61 130
61 131
61 132
61 133
61 134
61 135
61 136
61 137
61 138
61 139
61 140
61 141
61 142
61 143
61 144
61 145
61 146
61 147
61 148
61 149
61 150
61 151
61 152
61 153
61 154
61 155
61 156
61 157
61 158
61 159
61 160
61 161
61 162
61 163
61 164
61 165
61 166
61 167
61 168
61 169
61 170
61 171
61 172
61 173
61 174
61 175
61 176
61 177
61 178
61 179
61 180
61 181
61 182
61 183
61 184
61 185
61 186
61 187
61 188
61 189
61 190
61 191
62 32
62 33
62 34
62 35
62 36
62 37
62 38
62 39
62 40
62 41
62 42
62 43
62 44
62 45
62 46
62 47
62 48
62 49
62 50
62 51
62 52
62 53
62 54
62 55
62 56
62 57
62 58
62 59
62 60
62 61
62 62
62 63
62 64
62 65
62 66
62 67
62 68
62 69
62 70
62 71
62 72
62 73
62 74
62 75
62 76
62 77
62 78
62 79
62 80
62 81
62 82
62 83
62 84
62 85
62 86
62 87
62 88
62 89
62 90
62 91
62 92
62 93
62 94
62 95
62 96
62 97
62 98
62 99
62 100
62 101
62 102
62 103
62 104
62 105
62 106
62 107
62 108
62 109
62 110
62 111
62 112
62 113
62 114
62 115
62 116
62 117
62 118
62 119
62 120
62 121
62 122
62 123
62 124
62 125
62 126
62 127
62 128
62 129
62 130
62 131
62 132
62 133
62 134
62 135
62 136
62 137
62 138
62 139
62 140
62 141
62 142
62 143
62 144
62 145
62 146
62 147
62 148
62 149
62 150
62 151
62 152
62 153
62 154
62 155
62 156
62 157
62 158
62 159
62 160
62 161
62 162
62 163
62 164
62 165
62 166
62 167
62 168
62 169
62 170
62 171
62 172
62 173
62 174
62 175
62 176
62 177
62 178
62 179
62 180
62 181
62 182
62 183
62 184
62 185
62 186
62 187
62 188
62 189
62 190
62 191
62 192
62 193
62 194
63 33
63 34
63 35
63 36
63 37
63 38
63 39
63 40
63 41
63 42
63 43
63 44
63 45
63 46
63 47
63 48
63 49
63 50
63 51
63 52
63 53
63 54
63 55
63 56
63 57
63 58
63 59
63 60
63 61
63 62
63 63
63 64
63 65
63 66
63 67
63 68
63 69
63 70
63 71
63 72
63 73
63 74
63 75
63 76
63 77
63 78
63 79
63 80
63 81
63 82
63 83
63 84
63 85
63 86
63 87
63 88
63 89
63 90
63 91
63 92
63 93
63 94
63 95
63 96
63 97
63 98
63 99
63 100
63 101
63 102
63 103
63 104
63 105
63 106
63 107
63 108
63 109
63 110
63 111
63 112
63 113
63 114
63 115
63 116
63 117
63 118
63 119
63 120
63 121
63 122
63 123
63 124
63 125
63 126
63 127
63 128
63 129
63 130
63 131
63 132
63 133
63 134
63 135
63 136
63 137
63 138
63 139
63 140
63 141
63 142
63 143
63 144
63 145
63 146
63 147
63 148
63 149
63 150
63 151
63 152
63 153
63 154
63 155
63 156
63 157
63 158
63 159
63 160
63 161
63 162
63 163
63 164
63 165
63 166
63 167
63 168
63 169
63 170
63 171
63 172
63 173
63 174
63 175
63 176
63 177
63 178
63 179
63 180
63 181
63 182
63 183
63 184
63 185
63 186
63 187
63 188
63 189
63 190
63 191
63 192
63 193
63 194
63 195
63 196
64 34
64 35
64 36
64 37
64 38
64 39
64 40
64 41
64 42
64 43
64 44
64 45
64 46
64 47
64 48
64 49
64 50
64 51
64 52
64 53
64 54
64 55
64 56
64 57
64 58
64 59
64 60
64 61
64 62
64 63
64 64
64 65
64 66
64 67
64 68
64 69
64 70
64 71
64 72
64 73
64 74
64 75
64 76
64 77
64 78
64 79
64 80
64 81
64 82
64 83
64 84
64 85
64 86
64 87
64 88
64 89
64 90
64 91
64 92
64 93
64 94
64 95
64 96
64 97
64 98
64 99
64 100
64 101
64 102
64 103
64 104
64 105
64 106
64 107
64 108
64 109
64 110
64 111
64 112
64 113
64 114
64 115
64 116
64 117
64 118
64 119
64 120
64 121
64 122
64 123
64 124
64 125
64 126
64 127
64 128
64 129
64 130
64 131
64 132
64 133
64 134
64 135
64 136
64 137
64 138
64 139
64 140
64 141
64 142
64 143
64 144
64 145
64 146
64 147
64 148
64 149
64 150
64 151
64 152
64 153
64 154
64 155
64 156
64 157
64 158
64 159
64 160
64 161
64 162
64 163
64 164
64 165
64 166
64 167
64 168
64 169
64 170
64 171
64 172
64 173
64 174
64 175
64 176
64 177
64 178
64 179
64 180
64 181
64 182
64 183
64 184
64 185
64 186
64 187
64 188
64 189
64 190
64 191
64 192
64 193
64 194
64 195
64 196
64 197
64 198
65 35
65 36
65 37
65 38
65 39
65 40
65 41
65 42
65 43
65 44
65 45
65 46
65 47
65 48
65 49
65 50
65 51
65 52
65 53
65 54
65 55
65 56
65 57
65 58
65 59
65 60
65 61
65 62
65 63
65 64
65 65
65 66
65 67
65 68
65 69
65 70
65 71
65 72
65 73
65 74
65 75
65 76
65 77
65 78
65 79
65 80
65 81
65 82
65 83
65 84
65 85
65 86
65 87
65 88
65 89
65 90
65 91
65 92
65 93
65 94
65 95
65 96
65 97
65 98
65 99
65 100
65 101
65 102
65 103
65 104
65 105
65 106
65 107
65 108
65 109
65 110
65 111
65 112
65 113
65 114
65 115
65 116
65 117
65 118
65 119
65 120
65 121
65 122
65 123
65 124
65 125
65 126
65 127
65 128
65 129
65 130
65 131
65 132
65 133
65 134
65 135
65 136
65 137
65 138
65 139
65 140
65 141
65 142
65 143
65 144
65 145
65 146
65 147
65 148
65 149
65 150
65 151
65 152
65 153
65 154
65 155
65 156
65 157
65 158
65 159
65 160
65 161
65 162
65 163
65 164
65 165
65 166
65 167
65 168
65 169
65 170
65 171
65 172
65 173
65 174
65 175
65 176
65 177
65 178
65 179
65 180
65 181
65 182
65 183
65 184
65 185
65 186
65 187
65 188
65 189
65 190
65 191
65 192
65 193
65 194
65 195
65 196
65 197
65 198
65 199
65 200
65 201
66 36
66 37
66 38
66 39
66 40
66 41
66 42
66 43
66 44
66 45
66 46
66 47
66 48
66 49
66 50
66 51
66 52
66 53
66 54
66 55
66 56
66 57
66 58
66 59
66 60
66 61
66 62
66 63
66 64
66 65
66 66
66 67
66 68
66 69
66 70
66 71
66 72
66 73
66 74
66 75
66 76
66 77
66 78
66 79
66 80
66 81
66 82
66 83
66 84
66 85
66 86
66 87
66 88
66 89
66 90
66 91
66 92
66 93
66 94
66 95
66 96
66 97
66 98
66 99
66 100
66 101
66 102
66 103
66 104
66 105
66 106
66 107
66 108
66 109
66 110
66 111
66 112
66 113
66 114
66 115
66 116
66 117
66 118
66 119
66 120
66 121
66 122
66 123
66 124
66 125
66 126
66 127
66 128
66 129
66 130
66 131
66 132
66 133
66 134
66 135
66 136
66 137
66 138
66 139
66 140
66 141
66 142
66 143
66 144
66 145
66 146
66 147
66 148
66 149
66 150
66 151
66 152
66 153
66 154
66 155
66 156
66 157
66 158
66 159
66 160
66 161
66 162
66 163
66 164
66 165
66 166
66 167
66 168
66 169
66 170
66 171
66 172
66 173
66 174
66 175
66 176
66 177
66 178
66 179
66 180
66 181
66 182
66 183
66 184
66 185
66 186
66 187
66 188
66 189
66 190
66 191
66 192
66 193
66 194
66 195
66 196
66 197
66 198
66 199
66 200
66 201
66 202
66 203
67 37
67 38
67 39
67 40
67 41
67 42
67 43
67 44
67 45
67 46
67 47
67 48
67 49
67 50
67 51
67 52
67 53
67 54
67 55
67 56
67 57
67 58
67 59
67 60
67 61
67 62
67 63
67 64
67 65
67 66
67 67
67 68
67 69
67 70
67 71
67 72
67 73
67 74
67 75
67 76
67 77
67 78
67 79
67 80
67 81
67 82
67 83
67 84
67 85
67 86
67 87
67 88
67 89
67 90
67 91
67 92
67 93
67 94
67 95
67 96
67 97
67 98
67 99
67 100
67 101
67 102
67 103
67 104
67 105
67 106
67 107
67 108
67 109
67 110
67 111
67 112
67 113
67 114
67 115
67 116
67 117
67 118
67 119
67 120
67 121
67 122
67 123
67 124
67 125
67 126
67 127
67 128
67 129
67 130
67 131
67 132
67 133
67 134
67 135
67 136
67 137
67 138
67 139
67 140
67 141
67 142
67 143
67 144
67 145
67 146
67 147
67 148
67 149
67 150
67 151
67 152
67 153
67 154
67 155
67 156
67 157
67 158
67 159
67 160
67 161
67 162
67 163
67 164
67 165
67 166
67 167
67 168
67 169
67 170
67 171
67 172
67 173
67 174
67 175
67 176
67 177
67 178
67 179
67 180
67 181
67 182
67 183
67 184
67 185
67 186
67 187
67 188
67 189
67 190
67 191
67 192
67 193
67 194
67 195
67 196
67 197
67 198
67 199
67 200
67 201
67 202
67 203
67 204
67 205
68 38
68 39
68 40
68 41
68 42
68 43
68 44
68 45
68 46
68 47
68 48
68 49
68 50
68 51
68 52
68 53
68 54
68 55
68 56
68 57
68 58
68 59
68 60
68 61
68 62
68 63
68 64
68 65
68 66
68 67
68 68
68 69
68 70
68 71
68 72
68 73
68 74
68 75
68 76
68 77
68 78
68 79
68 80
68 81
68 82
68 83
68 84
68 85
68 86
68 87
68 88
68 89
68 90
68 91
68 92
68 93
68 94
68 95
68 96
68 97
68 98
68 99
68 100
68 101
68 102
68 103
68 104
68 105
68 106
68 107
68 108
68 109
68 110
68 111
68 112
68 113
68 114
68 115
68 116
68 117
68 118
68 119
68 120
68 121
68 122
68 123
68 124
68 125
68 126
68 127
68 128
68 129
68 130
68 131
68 132
68 133
68 134
68 135
68 136
68 137
68 138
68 139
68 140
68 141
68 142
68 143
68 144
68 145
68 146
68 147
68 148
68 149
68 150
68 151
68 152
68 153
68 154
68 155
68 156
68 157
68 158
68 159
68 160
68 161
68 162
68 163
68 164
68 165
68 166
68 167
68 168
68 169
68 170
68 171
68 172
68 173
68 174
68 175
68 176
68 177
68 178
68 179
68 180
68 181
68 182
68 183
68 184
68 185
68 186
68 187
68 188
68 189
68 190
68 191
68 192
68 193
68 194
68 195
68 196
68 197
68 198
68 199
68 200
68 201
68 202
68 203
68 204
68 205
68 206
68 207
69 40
69 41
69 42
69 43
69 44
69 45
69 46
69 47
69 48
69 49
69 50
69 51
69 52
69 53
69 54
69 55
69 56
69 57
69 58
69 59
69 60
69 61
69 62
69 63
69 64
69 65
69 66
69 67
69 68
69 69
69 70
69 71
69 72
69 73
69 74
69 75
69 76
69 77
69 78
69 79
69 80
69 81
69 82
69 83
69 84
69 85
69 86
69 87
69 88
69 89
69 90
69 91
69 92
69 93
69 94
69 95
69 96
69 97
69 98
69 99
69 100
69 101
69 102
69 103
69 104
69 105
69 106
69 107
69 108
69 109
69 110
69 111
69 112
69 113
69 114
69 115
69 116
69 117
69 118
69 119
69 120
69 121
69 122
69 123
69 124
69 125
69 126
69 127
69 128
69 129
69 130
69 131
69 132
69 133
69 134
69 135
69 136
69 137
69 138
69 139
69 140
69 141
69 142
69 143
69 144
69 145
69 146
69 147
69 148
69 149
69 150
69 151
69 152
69 153
69 154
69 155
69 156
69 157
69 158
69 159
69 160
69 161
69 162
69 163
69 164
69 165
69 166
69 167
69 168
69 169
69 170
69 171
69 172
69 173
69 174
69 175
69 176
69 177
69 178
69 179
69 180
69 181
69 182
69 183
69 184
69 185
69 186
69 187
69 188
69 189
69 190
69 191
69 192
69 193
69 194
69 195
69 196
69 197
69 198
69 199
69 200
69 201
69 202
69 203
69 204
69 205
69 206
69 207
69 208
69 209
70 44
70 45
70 46
70 47
70 48
70 49
70 50
70 51
70 52
70 53
70 54
70 55
70 56
70 57
70 58
70 59
70 60
70 61
70 62
70 63
70 64
70 65
70 66
70 67
70 68
70 69
70 70
70 71
70 72
70 73
70 74
70 75
70 76
70 77
70 78
70 79
70 80
70 81
70 82
70 83
70 84
70 85
70 86
70 87
70 88
70 89
70 90
70 91
70 92
70 93
70 94
70 95
70 96
70 97
70 98
70 99
70 100
70 101
70 102
70 103
70 104
70 105
70 106
70 107
70 108
70 109
70 110
70 111
70 112
70 113
70 114
70 115
70 116
70 117
70 118
70 119
70 120
70 121
70 122
70 123
70 124
70 125
70 126
70 127
70 128
70 129
70 130
70 131
70 132
70 133
70 134
70 135
70 136
70 137
70 138
70 139
70 140
70 141
70 142
70 143
70 144
70 145
70 146
70 147
70 148
70 149
70 150
70 151
70 152
70 153
70 154
70 155
70 156
70 157
70 158
70 159
70 160
70 161
70 162
70 163
70 164
70 165
70 166
70 167
70 168
70 169
70 170
70 171
70 172
70 173
70 174
70 175
70 176
70 177
70 178
70 179
70 180
70 181
70 182
70 183
70 184
70 185
70 186
70 187
70 188
70 189
70 190
70 191
70 192
70 193
70 194
70 195
70 196
70 197
70 198
70 199
70 200
70 201
70 202
70 203
70 204
70 205
70 206
70 207
70 208
70 209
70 210
70 211
70 212
71 45
71 46
71 47
71 48
71 49
71 50
71 51
71 52
71 53
71 54
71 55
71 56
71 57
71 58
71 59
71 60
71 61
71 62
71 63
71 64
71 65
71 66
71 67
71 68
71 69
71 70
71 71
71 72
71 73
71 74
71 75
71 76
71 77
71 78
71 79
71 80
71 81
71 82
71 83
71 84
71 85
71 86
71 87
71 88
71 89
71 90
71 91
71 92
71 93
71 94
71 95
71 96
71 97
71 98
71 99
71 100
71 101
71 102
71 103
71 104
71 105
71 106
71 107
71 108
71 109
71 110
71 111
71 112
71 113
71 114
71 115
71 116
71 117
71 118
71 119
71 120
71 121
71 122
71 123
71 124
71 125
71 126
71 127
71 128
71 129
71 130
71 131
71 132
71 133
71 134
71 135
71 136
71 137
71 138
71 139
71 140
71 141
71 142
71 143
71 144
71 145
71 146
71 147
71 148
71 149
71 150
71 151
71 152
71 153
71 154
71 155
71 156
71 157
71 158
71 159
71 160
71 161
71 162
71 163
71 164
71 165
71 166
71 167
71 168
71 169
71 170
71 171
71 172
71 173
71 174
71 175
71 176
71 177
71 178
71 179
71 180
71 181
71 182
71 183
71 184
71 185
71 186
71 187
71 188
71 189
71 190
71 191
71 192
71 193
71 194
71 195
71 196
71 197
71 198
71 199
71 200
71 201
71 202
71 203
71 204
71 205
71 206
71 207
71 208
71 209
71 210
71 211
71 212
71 213
71 214
72 50
72 51
72 52
72 53
72 54
72 55
72 56
72 57
72 58
72 59
72 60
72 61
72 62
72 63
72 64
72 65
72 66
72 67
72 68
72 69
72 70
72 71
72 72
72 73
72 74
72 75
72 76
72 77
72 78
72 79
72 80
72 81
72 82
72 83
72 84
72 85
72 86
72 87
72 88
72 89
72 90
72 91
72 92
72 93
72 94
72 95
72 96
72 97
72 98
72 99
72 100
72 101
72 102
72 103
72 104
72 105
72 106
72 107
72 108
72 109
72 110
72 111
72 112
72 113
72 114
72 115
72 116
72 117
72 118
72 119
72 120
72 121
72 122
72 123
72 124
72 125
72 126
72 127
72 128
72 129
72 130
72 131
72 132
72 133
72 134
72 135
72 136
72 137
72 138
72 139
72 140
72 141
72 142
72 143
72 144
72 145
72 146
72 147
72 148
72 149
72 150
72 151
72 152
72 153
72 154
72 155
72 156
72 157
72 158
72 159
72 160
72 161
72 162
72 163
72 164
72 165
72 166
72 167
72 168
72 169
72 170
72 171
72 172
72 173
72 174
72 175
72 176
72 177
72 178
72 179
72 180
72 181
72 182
72 183
72 184
72 185
72 186
72 187
72 188
72 189
72 190
72 191
72 192
72 193
72 194
72 195
72 196
72 197
72 198
72 199
72 200
72 201
72 202
72 203
72 204
72 205
72 206
72 207
72 208
72 209
72 210
72 211
72 212
72 213
72 214
72 215
72 216
73 56
73 57
73 58
73 59
73 60
73 61
73 62
73 63
73 64
73 65
73 66
73 67
73 68
73 69
73 70
73 71
73 72
73 73
73 74
73 75
73 76
73 77
73 78
73 79
73 80
73 81
73 82
73 83
73 84
73 85
73 86
73 87
73 88
73 89
73 90
73 91
73 92
73 93
73 94
73 95
73 96
73 97
73 98
73 99
73 100
73 101
73 102
73 103
73 104
73 105
73 106
73 107
73 108
73 109
73 110
73 111
73 112
73 113
73 114
73 115
73 116
73 117
73 118
73 119
73 120
73 121
73 122
73 123
73 124
73 125
73 126
73 127
73 128
73 129
73 130
73 131
73 132
73 133
73 134
73 135
73 136
73 137
73 138
73 139
73 140
73 141
73 142
73 143
73 144
73 145
73 146
73 147
73 148
73 149
73 150
73 151
73 152
73 153
73 154
73 155
73 156
73 157
73 158
73 159
73 160
73 161
73 162
73 163
73 164
73 165
73 166
73 167
73 168
73 169
73 170
73 171
73 172
73 173
73 174
73 175
73 176
73 177
73 178
73 179
73 180
73 181
73 182
73 183
73 184
73 185
73 186
73 187
73 188
73 189
73 190
73 191
73 192
73 193
73 194
73 195
73 196
73 197
73 198
73 199
73 200
73 201
73 202
73 203
73 204
73 205
73 206
73 207
73 208
73 209
73 210
73 211
73 212
73 213
73 214
73 215
73 216
73 217
73 218
74 62
74 63
74 64
74 65
74 66
74 67
74 68
74 69
74 70
74 71
74 72
74 73
74 74
74 75
74 76
74 77
74 78
74 79
74 80
74 81
74 82
74 83
74 84
74 85
74 86
74 87
74 88
74 89
74 90
74 91
74 92
74 93
74 94
74 95
74 96
74 97
74 98
74 99
74 100
74 101
74 102
74 103
74 104
74 105
74 106
74 107
74 108
74 109
74 110
74 111
74 112
74 113
74 114
74 115
74 116
74 117
74 118
74 119
74 120
74 121
74 122
74 123
74 124
74 125
74 126
74 127
74 128
74 129
74 130
74 131
74 132
74 133
74 134
74 135
74 136
74 137
74 138
74 139
74 140
74 141
74 142
74 143
74 144
74 145
74 146
74 147
74 148
74 149
74 150
74 151
74 152
74 153
74 154
74 155
74 156
74 157
74 158
74 159
74 160
74 161
74 162
74 163
74 164
74 165
74 166
74 167
74 168
74 169
74 170
74 171
74 172
74 173
74 174
74 175
74 176
74 177
74 178
74 179
74 180
74 181
74 182
74 183
74 184
74 185
74 186
74 187
74 188
74 189
74 190
74 191
74 192
74 193
74 194
74 195
74 196
74 197
74 198
74 199
74 200
74 201
74 202
74 203
74 204
74 205
74 206
74 207
74 208
74 209
74 210
74 211
74 212
74 213
74 214
74 215
74 216
74 217
74 218
74 219
74 220
75 69
75 76
75 77
75 78
75 79
75 87
75 88
75 89
75 90
75 91
75 94
75 95
75 96
75 97
75 98
75 99
75 100
75 101
75 102
75 103
75 104
75 105
75 106
75 107
75 108
75 109
75 110
75 111
75 112
75 113
75 114
75 115
75 116
75 117
75 118
75 119
75 120
75 121
75 122
75 123
75 124
75 125
75 126
75 127
75 128
75 129
75 130
75 131
75 132
75 133
75 134
75 135
75 136
75 137
75 138
75 139
75 140
75 141
75 142
75 143
75 144
75 145
75 146
75 147
75 148
75 149
75 150
75 151
75 152
75 153
75 154
75 155
75 156
75 157
75 158
75 159
75 160
75 161
75 162
75 163
75 164
75 165
75 166
75 167
75 168
75 169
75 170
75 171
75 172
75 173
75 174
75 175
75 176
75 177
75 178
75 179
75 180
75 181
75 182
75 183
75 184
75 185
75 186
75 187
75 188
75 189
75 190
75 191
75 192
75 193
75 194
75 195
75 196
75 197
75 198
75 199
75 200
75 201
75 202
75 203
75 204
75 205
75 206
75 207
75 208
75 209
75 210
75 211
75 212
75 213
75 214
75 215
75 216
75 217
75 218
75 219
75 220
75 221
75 222
75 223
76 100
76 101
76 102
76 103
76 106
76 107
76 108
76 109
76 110
76 111
76 112
76 113
76 114
76 115
76 116
76 117
76 118
76 119
76 120
76 121
76 122
76 123
76 124
76 125
76 126
76 127
76 128
76 129
76 130
76 131
76 132
76 133
76 134
76 135
76 136
76 137
76 138
76 139
76 140
76 141
76 142
76 143
76 144
76 145
76 146
76 147
76 148
76 149
76 150
76 151
76 152
76 153
76 154
76 155
76 156
76 157
76 158
76 159
76 160
76 161
76 162
76 163
76 164
76 165
76 166
76 167
76 168
76 169
76 170
76 171
76 172
76 173
76 174
76 175
76 176
76 177
76 178
76 179
76 180
76 181
76 182
76 183
76 184
76 185
76 186
76 187
76 188
76 189
76 190
76 191
76 192
76 193
76 194
76 195
76 196
76 197
76 198
76 199
76 200
76 201
76 202
76 203
76 204
76 205
76 206
76 207
76 208
76 209
76 210
76 211
76 212
76 213
76 214
76 215
76 216
76 217
76 218
76 219
76 220
76 221
76 222
76 223
76 224
76 225
77 121
77 122
77 123
77 124
77 125
77 126
77 127
77 128
77 129
77 130
77 131
77 132
77 133
77 134
77 135
77 136
77 137
77 138
77 139
77 140
77 141
77 142
77 143
77 144
77 145
77 146
77 147
77 148
77 149
77 150
77 151
77 152
77 153
77 154
77 155
77 156
77 157
77 158
77 159
77 160
77 161
77 162
77 163
77 164
77 165
77 166
77 167
77 168
77 169
77 170
77 171
77 172
77 173
77 174
77 175
77 176
77 177
77 178
77 179
77 180
77 181
77 182
77 183
77 184
77 185
77 186
77 187
77 188
77 189
77 190
77 191
77 192
77 193
77 194
77 195
77 196
77 197
77 198
77 199
77 200
77 201
77 202
77 203
77 204
77 205
77 206
77 207
77 208
77 209
77 210
77 211
77 212
77 213
77 214
77 215
77 216
77 217
77 218
77 219
77 220
77 221
77 222
77 223
77 224
77 225
77 226
77 227
78 135
78 136
78 137
78 138
78 139
78 140
78 141
78 142
78 143
78 144
78 145
78 146
78 147
78 148
78 149
78 150
78 151
78 152
78 153
78 154
78 155
78 156
78 157
78 158
78 159
78 160
78 161
78 162
78 163
78 164
78 165
78 166
78 167
78 168
78 169
78 170
78 171
78 172
78 173
78 174
78 175
78 176
78 177
78 178
78 179
78 180
78 181
78 182
78 183
78 184
78 185
78 186
78 187
78 188
78 189
78 190
78 191
78 192
78 193
78 194
78 195
78 196
78 197
78 198
78 199
78 200
78 201
78 202
78 203
78 204
78 205
78 206
78 207
78 208
78 209
78 210
78 211
78 212
78 213
78 214
78 215
78 216
78 217
78 218
78 219
78 220
78 221
78 222
78 223
78 224
78 225
78 226
78 227
78 228
78 229
79 144
79 145
79 146
79 147
79 148
79 149
79 150
79 151
79 152
79 153
79 154
79 155
79 156
79 157
79 158
79 159
79 160
79 161
79 162
79 163
79 164
79 165
79 166
79 167
79 168
79 169
79 170
79 171
79 172
79 173
79 174
79 175
79 176
79 177
79 178
79 179
79 180
79 181
79 182
79 183
79 184
79 185
79 186
79 187
79 188
79 189
79 190
79 191
79 192
79 193
79 194
79 195
79 196
79 197
79 198
79 199
79 200
79 201
79 202
79 203
79 204
79 205
79 206
79 207
79 208
79 209
79 210
79 211
79 212
79 213
79 214
79 215
79 216
79 217
79 218
79 219
79 220
79 221
79 222
79 223
79 224
79 225
79 226
79 227
79 228
79 229
79 230
79 231
80 150
80 151
80 152
80 153
80 154
80 155
80 156
80 157
80 158
80 159
80 160
80 161
80 162
80 163
80 164
80 165
80 166
80 167
80 168
80 169
80 170
80 171
80 172
80 173
80 174
80 175
80 176
80 177
80 178
80 179
80 180
80 181
80 182
80 183
80 184
80 185
80 186
80 187
80 188
80 189
80 190
80 191
80 192
80 193
80 194
80 195
80 196
80 197
80 198
80 199
80 200
80 201
80 202
80 203
80 204
80 205
80 206
80 207
80 208
80 209
80 210
80 211
80 212
80 213
80 214
80 215
80 216
80 217
80 218
80 219
80 220
80 221
80 222
80 223
80 224
80 225
80 226
80 227
80 228
80 229
80 230
80 231
80 232
80 233
81 157
81 158
81 159
81 160
81 161
81 162
81 163
81 164
81 165
81 166
81 167
81 168
81 169
81 170
81 171
81 172
81 173
81 174
81 175
81 176
81 177
81 178
81 179
81 180
81 181
81 182
81 183
81 184
81 185
81 186
81 187
81 188
81 189
81 190
81 191
81 192
81 193
81 194
81 195
81 196
81 197
81 198
81 199
81 200
81 201
81 202
81 203
81 204
81 205
81 206
81 207
81 208
81 209
81 210
81 211
81 212
81 213
81 214
81 215
81 216
81 217
81 218
81 219
81 220
81 221
81 222
81 223
81 224
81 225
81 226
81 227
81 228
81 229
81 230
81 231
81 232
81 233
81 234
81 235
82 163
82 164
82 165
82 166
82 167
82 168
82 169
82 170
82 171
82 172
82 173
82 174
82 175
82 176
82 177
82 178
82 179
82 180
82 181
82 182
82 183
82 184
82 185
82 186
82 187
82 188
82 189
82 190
82 191
82 192
82 193
82 194
82 195
82 196
82 197
82 198
82 199
82 200
82 201
82 202
82 203
82 204
82 205
82 206
82 207
82 208
82 209
82 210
82 211
82 212
82 213
82 214
82 215
82 216
82 217
82 218
82 219
82 220
82 221
82 222
82 223
82 224
82 225
82 226
82 227
82 228
82 229
82 230
82 231
82 232
82 233
82 234
82 235
82 236
82 237
82 238
83 169
83 170
83 171
83 172
83 173
83 174
83 178
83 179
83 180
83 181
83 182
83 183
83 184
83 185
83 186
83 187
83 188
83 189
83 190
83 191
83 192
83 193
83 194
83 195
83 196
83 197
83 198
83 199
83 200
83 201
83 202
83 203
83 204
83 205
83 206
83 207
83 208
83 209
83 210
83 211
83 212
83 213
83 214
83 215
83 216
83 217
83 218
83 219
83 220
83 221
83 222
83 223
83 224
83 225
83 226
83 227
83 228
83 229
83 230
83 231
83 232
83 233
83 234
83 235
83 236
83 237
83 238
83 239
83 240
84 174
84 178
84 179
84 180
84 181
84 182
84 183
84 184
84 185
84 186
84 187
84 188
84 189
84 190
84 191
84 192
84 193
84 194
84 195
84 196
84 197
84 198
84 199
84 200
84 201
84 202
84 203
84 204
84 205
84 206
84 207
84 208
84 209
84 210
84 211
84 212
84 213
84 214
84 215
84 216
84 217
84 218
84 219
84 220
84 221
84 222
84 223
84 224
84 225
84 226
84 227
84 228
84 229
84 230
84 231
84 232
84 233
84 234
84 235
84 236
84 237
84 238
84 239
84 240
84 241
84 242
85 180
85 181
85 182
85 183
85 184
85 185
85 186
85 187
85 188
85 189
85 190
85 191
85 192
85 193
85 194
85 195
85 196
85 197
85 198
85 199
85 200
85 201
85 202
85 203
85 204
85 205
85 206
85 207
85 208
85 209
85 210
85 211
85 212
85 213
85 214
85 215
85 216
85 217
85 218
85 219
85 220
85 221
85 222
85 223
85 224
85 225
85 226
85 227
85 228
85 229
85 230
85 231
85 232
85 233
85 234
85 235
85 236
85 237
85 238
85 239
85 240
85 241
85 242
85 243
85 244
86 186
86 187
86 188
86 189
86 190
86 191
86 192
86 193
86 194
86 195
86 196
86 197
86 198
86 199
86 200
86 201
86 202
86 203
86 204
86 205
86 206
86 207
86 208
86 209
86 210
86 211
86 212
86 213
86 214
86 215
86 216
86 217
86 218
86 219
86 220
86 221
86 222
86 223
86 224
86 225
86 226
86 227
86 228
86 229
86 230
86 231
86 232
86 233
86 234
86 235
86 236
86 237
86 238
86 239
86 240
86 241
86 242
86 243
86 244
86 245
86 246
87 191
87 192
87 193
87 194
87 195
87 196
87 197
87 198
87 199
87 200
87 201
87 202
87 203
87 204
87 205
87 206
87 207
87 208
87 209
87 210
87 211
87 212
87 213
87 214
87 215
87 216
87 217
87 218
87 219
87 220
87 221
87 222
87 223
87 224
87 225
87 226
87 227
87 228
87 229
87 230
87 231
87 232
87 233
87 234
87 235
87 236
87 237
87 238
87 239
87 240
87 241
87 242
87 243
87 244
87 245
87 246
87 247
87 248
88 195
88 196
88 197
88 198
88 199
88 200
88 201
88 202
88 203
88 204
88 205
88 206
88 207
88 208
88 209
88 210
88 211
88 212
88 213
88 214
88 215
88 216
88 217
88 218
88 219
88 220
88 221
88 222
88 223
88 224
88 225
88 226
88 227
88 228
88 229
88 230
88 231
88 232
88 233
88 234
88 235
88 236
88 237
88 238
88 239
88 240
88 241
88 242
88 243
88 244
88 245
88 246
88 247
88 248
88 249
88 250
89 199
89 200
89 201
89 202
89 203
89 204
89 205
89 206
89 207
89 208
89 209
89 210
89 211
89 212
89 213
89 214
89 215
89 216
89 217
89 218
89 219
89 220
89 221
89 222
89 223
89 224
89 225
89 226
89 227
89 228
89 229
89 230
89 231
89 232
89 233
89 234
89 235
89 236
89 237
89 238
89 239
89 240
89 241
89 242
89 243
89 244
89 245
89 246
89 247
89 248
89 249
89 250
89 251
89 252
90 203
90 204
90 205
90 206
90 207
90 208
90 209
90 210
90 211
90 212
90 213
90 214
90 215
90 216
90 217
90 218
90 219
90 220
90 221
90 222
90 223
90 224
90 225
90 226
90 227
90 228
90 229
90 230
90 231
90 232
90 233
90 234
90 235
90 236
90 237
90 238
90 239
90 240
90 241
90 242
90 243
90 244
90 245
90 246
90 247
90 248
90 249
90 250
90 251
90 252
90 253
90 254
91 207
91 208
91 209
91 210
91 211
91 212
91 213
91 214
91 215
91 216
91 217
91 218
91 219
91 220
91 221
91 222
91 223
91 224
91 225
91 226
91 227
91 228
91 229
91 230
91 231
91 232
91 233
91 234
91 235
91 236
91 237
91 238
91 239
91 240
91 241
91 242
91 243
91 244
91 245
91 246
91 247
91 248
91 249
91 250
91 251
91 252
91 253
91 254
91 255
91 256
92 210
92 211
92 212
92 213
92 214
92 215
92 216
92 217
92 218
92 219
92 220
92 221
92 222
92 223
92 224
92 225
92 226
92 227
92 228
92 229
92 230
92 231
92 232
92 233
92 234
92 235
92 236
92 237
92 238
92 239
92 240
92 241
92 242
92 243
92 244
92 245
92 246
92 247
92 248
92 249
92 250
92 251
92 252
92 253
92 254
92 255
92 256
92 257
92 258
93 214
93 215
93 216
93 217
93 218
93 219
93 220
93 221
93 222
93 223
93 224
93 225
93 226
93 227
93 228
93 229
93 230
93 231
93 232
93 233
93 234
93 235
93 236
93 237
93 238
93 239
93 240
93 241
93 242
93 243
93 244
93 245
93 246
93 247
93 248
93 249
93 250
93 251
93 252
93 253
93 254
93 255
93 256
93 257
93 258
93 259
93 260
94 217
94 218
94 219
94 220
94 221
94 222
94 223
94 224
94 225
94 226
94 227
94 228
94 229
94 230
94 231
94 232
94 233
94 234
94 235
94 236
94 237
94 238
94 239
94 240
94 241
94 242
94 243
94 244
94 245
94 246
94 247
94 248
94 249
94 250
94 251
94 252
94 253
94 254
94 255
94 256
94 257
94 258
94 259
94 260
94 261
94 262
95 220
95 221
95 222
95 223
95 224
95 225
95 226
95 227
95 228
95 229
95 230
95 231
95 232
95 233
95 234
95 235
95 236
95 237
95 238
95 239
95 240
95 241
95 242
95 243
95 244
95 245
95 246
95 247
95 248
95 249
95 250
95 251
95 252
95 253
95 254
95 255
95 256
95 257
95 258
95 259
95 260
95 261
95 262
95 263
95 264
96 224
96 225
96 226
96 227
96 228
96 229
96 230
96 231
96 232
96 233
96 234
96 235
96 236
96 237
96 238
96 239
96 240
96 241
96 242
96 243
96 244
96 245
96 246
96 247
96 248
96 249
96 250
96 251
96 252
96 253
96 254
96 255
96 256
96 257
96 258
96 259
96 260
96 261
96 262
96 263
96 264
96 265
96 266
97 227
97 228
97 229
97 230
97 231
97 232
97 233
97 234
97 235
97 236
97 237
97 238
97 239
97 240
97 241
97 242
97 243
97 244
97 245
97 246
97 247
97 248
97 249
97 250
97 251
97 252
97 253
97 254
97 255
97 256
97 257
97 258
97 259
97 260
97 261
97 262
97 263
97 264
97 265
97 266
97 267
97 268
98 230
98 231
98 232
98 233
98 234
98 235
98 236
98 237
98 238
98 239
98 240
98 241
98 242
98 243
98 244
98 245
98 246
98 247
98 248
98 249
98 250
98 251
98 252
98 253
98 254
98 255
98 256
98 257
98 258
98 259
98 260
98 261
98 262
98 263
98 264
98 265
98 266
98 267
98 268
98 269
98 270
99 233
99 234
99 235
99 236
99 237
99 238
99 239
99 240
99 241
99 242
99 243
99 244
99 245
99 246
99 247
99 248
99 249
99 250
99 251
99 252
99 253
99 254
99 255
99 256
99 257
99 258
99 259
99 260
99 261
99 262
99 263
99 264
99 265
99 266
99 267
99 268
99 269
99 270
99 271
99 272
100 236
100 237
100 238
100 239
100 240
100 241
100 242
100 243
100 244
100 245
100 246
100 247
100 248
100 249
100 250
100 251
100 252
100 253
100 254
100 255
100 256
100 257
100 258
100 259
100 260
100 261
100 262
100 263
100 264
100 265
100 266
100 267
100 268
100 269
100 270
100 271
100 272
100 273
100 274
101 239
101 240
101 241
101 242
101 243
101 244
101 245
101 246
101 247
101 248
101 249
101 250
101 251
101 252
101 253
101 254
101 255
101 256
101 257
101 258
101 259
101 260
101 261
101 262
101 263
101 264
101 265
101 266
101 267
101 268
101 269
101 270
101 271
101 272
101 273
101 274
101 275
101 276
102 242
102 243
102 244
102 245
102 246
102 247
102 248
102 249
102 250
102 251
102 252
102 253
102 254
102 255
102 256
102 257
102 258
102 259
102 260
102 261
102 262
102 263
102 264
102 265
102 266
102 267
102 268
102 269
102 270
102 271
102 272
102 273
102 274
102 275
102 276
102 277
102 278
103 245
103 246
103 247
103 248
103 249
103 250
103 251
103 252
103 253
103 254
103 255
103 256
103 257
103 258
103 259
103 260
103 261
103 262
103 263
103 264
103 265
103 266
103 267
103 268
103 269
103 270
103 271
103 272
103 273
103 274
103 275
103 276
103 277
103 278
103 279
103 280
104 248
104 249
104 250
104 251
104 252
104 253
104 254
104 255
104 256
104 257
104 258
104 259
104 260
104 261
104 262
104 263
104 264
104 265
104 266
104 267
104 268
104 269
104 270
104 271
104 272
104 273
104 274
104 275
104 276
104 277
104 278
104 279
104 280
104 281
104 282
105 251
105 252
105 253
105 254
105 255
105 256
105 257
105 258
105 259
105 260
105 261
105 262
105 263
105 264
105 265
105 266
105 267
105 268
105 269
105 270
105 271
105 272
105 273
105 274
105 275
105 276
105 277
105 278
105 279
105 280
105 281
105 282
105 283
105 284
106 253
106 254
106 255
106 256
106 257
106 258
106 259
106 260
106 261
106 262
106 263
106 264
106 265
106 266
106 267
106 268
106 269
106 270
106 271
106 272
106 273
106 274
106 275
106 276
106 277
106 278
106 279
106 280
106 281
106 282
106 283
106 284
106 285
106 286
107 256
107 257
107 258
107 259
107 260
107 261
107 262
107 263
107 264
107 265
107 266
107 267
107 268
107 269
107 270
107 271
107 272
107 273
107 274
107 275
107 276
107 277
107 278
107 279
107 280
107 281
107 282
107 283
107 284
107 285
107 286
107 287
107 288
108 259
108 260
108 261
108 262
108 263
108 264
108 265
108 266
108 267
108 268
108 269
108 270
108 271
108 272
108 273
108 274
108 275
108 276
108 277
108 278
108 279
108 280
108 281
108 282
108 283
108 284
108 285
108 286
108 287
108 288
108 289
108 290
109 262
109 263
109 264
109 265
109 266
109 267
109 268
109 269
109 270
109 271
109 272
109 273
109 274
109 275
109 276
109 277
109 278
109 279
109 280
109 281
109 282
109 283
109 284
109 285
109 286
109 287
109 288
109 289
109 290
109 291
109 292
110 265
110 266
110 267
110 268
110 269
110 270
110 271
110 272
110 273
110 274
110 275
110 276
110 277
110 278
110 279
110 280
110 281
110 282
110 283
110 284
110 285
110 286
110 287
110 288
110 289
110 290
110 291
110 292
110 293
111 268
111 269
111 270
111 271
111 272
111 273
111 274
111 275
111 276
111 277
111 278
111 279
111 280
111 281
111 282
111 283
111 284
111 285
111 286
111 287
111 288
111 289
111 290
111 291
111 292
111 293
111 294
111 295
112 271
112 272
112 273
112 274
112 275
112 276
112 277
112 278
112 279
112 280
112 281
112 282
112 283
112 284
112 285
112 286
112 287
112 288
112 289
112 290
112 291
112 292
112 293
112 294
112 295
112 296
112 297
113 273
113 274
113 275
113 276
113 277
113 278
113 279
113 280
113 281
113 282
113 283
113 284
113 285
113 286
113 287
113 288
113 289
113 290
113 291
113 292
113 293
113 294
113 295
113 296
113 297
113 298
113 299
114 276
114 277
114 278
114 279
114 280
114 281
114 282
114 283
114 284
114 285
114 286
114 287
114 288
114 289
114 290
114 291
114 292
114 293
114 294
114 295
114 296
114 297
114 298
114 299
114 300
114 301
115 279
115 280
115 281
115 282
115 283
115 284
115 285
115 286
115 287
115 288
115 289
115 290
115 291
115 292
115 293
115 294
115 295
115 296
115 297
115 298
115 299
115 300
115 301
115 302
115 303
116 282
116 283
116 284
116 285
116 286
116 287
116 288
116 289
116 290
116 291
116 292
116 293
116 294
116 295
116 296
116 297
116 298
116 299
116 300
116 301
116 302
116 303
116 304
116 305
117 286
117 287
117 288
117 289
117 290
117 291
117 292
117 293
117 294
117 295
117 296
117 297
117 298
117 299
117 300
117 301
117 302
117 303
117 304
117 305
117 306
117 307
118 287
118 288
118 289
118 290
118 291
118 292
118 293
118 294
118 295
118 296
118 297
118 298
118 299
118 300
118 301
118 302
118 303
118 304
118 305
118 306
118 307
118 308
119 290
119 291
119 292
119 293
119 294
119 295
119 296
119 297
119 298
119 299
119 300
119 301
119 302
119 303
119 304
119 305
119 306
119 307
119 308
119 309
119 310
120 294
120 295
120 296
120 297
120 298
120 299
120 300
120 301
120 302
120 303
120 304
120 305
120 306
120 307
120 308
120 309
120 310
120 311
120 312
121 296
121 297
121 298
121 299
121 300
121 301
121 302
121 303
121 304
121 305
121 306
121 307
121 308
121 309
121 310
121 311
121 312
121 313
121 314
122 300
122 301
122 302
122 303
122 304
122 305
122 306
122 307
122 308
122 309
122 310
122 311
122 312
122 313
122 314
122 315
122 316
123 302
123 303
123 304
123 305
123 306
123 307
123 308
123 309
123 310
123 311
123 312
123 313
123 314
123 315
123 316
123 317
124 305
124 306
124 307
124 308
124 309
124 310
124 311
124 312
124 313
124 314
124 315
124 316
124 317
124 318
124 319
125 308
125 309
125 310
125 311
125 312
125 313
125 314
125 315
125 316
125 317
125 318
125 319
125 320
125 321
126 310
126 311
126 312
126 313
126 314
126 315
126 316
126 317
126 318
126 319
126 320
126 321
126 322
126 323
127 313
127 314
127 315
127 316
127 317
127 318
127 319
127 320
127 321
127 322
127 323
127 324
127 325
128 316
128 317
128 318
128 319
128 320
128 321
128 322
128 323
128 324
128 325
128 326
129 318
129 319
129 320
129 321
129 322
129 323
129 324
129 325
129 326
129 327
129 328
130 321
130 322
130 323
130 324
130 325
130 326
130 327
130 328
130 329
131 323
131 324
131 325
131 326
131 327
131 328
131 329
131 330
132 326
132 327
132 328
132 329
132 330
132 331
133 329
133 330
133 331
133 332
133 333