5299
81 217
81 218
81 219
81 220
81 221
81 222
81 223
81 224
81 225
81 226
82 208
82 209
82 210
82 211
82 212
82 213
82 214
82 215
82 216
82 217
82 218
82 219
82 220
82 221
82 222
82 223
82 224
82 225
82 226
82 227
82 228
82 229
82 230
82 231
82 232
82 233
82 234
82 235
83 199
83 200
83 201
83 202
83 203
83 204
83 205
83 206
83 207
83 208
83 209
83 210
83 211
83 212
83 213
83 214
83 215
83 216
83 217
83 218
83 219
83 220
83 221
83 222
83 223
83 224
83 225
83 226
83 227
83 228
83 229
83 230
83 231
83 232
83 233
83 234
83 235
83 236
83 237
83 238
83 239
83 240
83 241
83 242
83 243
83 244
84 190
84 191
84 192
84 193
84 194
84 195
84 196
84 197
84 198
84 199
84 200
84 201
84 202
84 203
84 204
84 205
84 206
84 207
84 208
84 209
84 210
84 211
84 212
84 213
84 214
84 215
84 216
84 217
84 218
84 219
84 220
84 221
84 222
84 223
84 224
84 225
84 226
84 227
84 228
84 229
84 230
84 231
84 232
84 233
84 234
84 235
84 236
84 237
84 238
84 239
84 240
84 241
84 242
84 243
84 244
84 245
84 246
84 247
84 248
84 249
84 250
84 251
84 252
84 253
85 181
85 182
85 183
85 184
85 185
85 186
85 187
85 188
85 189
85 190
85 191
85 192
85 193
85 194
85 195
85 196
85 197
85 198
85 199
85 200
85 201
85 202
85 203
85 204
85 205
85 206
85 207
85 208
85 209
85 210
85 211
85 212
85 213
85 214
85 215
85 216
85 217
85 218
85 219
85 220
85 221
85 222
85 223
85 224
85 225
85 226
85 227
85 228
85 229
85 230
85 231
85 232
85 233
85 234
85 235
85 236
85 237
85 238
85 239
85 240
85 241
85 242
85 243
85 244
85 245
85 246
85 247
85 248
85 249
85 250
85 251
85 252
85 253
85 254
85 255
85 256
85 257
85 258
85 259
85 260
85 261
85 262
86 172
86 173
86 174
86 175
86 176
86 177
86 178
86 179
86 180
86 181
86 182
86 183
86 184
86 185
86 186
86 187
86 188
86 189
86 190
86 191
86 192
86 193
86 194
86 195
86 196
86 197
86 198
86 199
86 200
86 201
86 202
86 203
86 204
86 205
86 206
86 207
86 208
86 209
86 210
86 211
86 212
86 213
86 214
86 215
86 216
86 217
86 218
86 219
86 220
86 221
86 222
86 223
86 224
86 225
86 226
86 227
86 228
86 229
86 230
86 231
86 232
86 233
86 234
86 235
86 236
86 237
86 238
86 239
86 240
86 241
86 242
86 243
86 244
86 245
86 246
86 247
86 248
86 249
86 250
86 251
86 252
86 253
86 254
86 255
86 256
86 257
86 258
86 259
86 260
86 261
86 262
86 263
86 264
86 265
86 266
86 267
86 268
86 269
86 270
86 271
86 272
87 162
87 163
87 164
87 165
87 166
87 167
87 168
87 169
87 170
87 171
87 172
87 173
87 174
87 175
87 176
87 177
87 178
87 179
87 180
87 181
87 182
87 183
87 184
87 185
87 186
87 187
87 188
87 189
87 190
87 191
87 192
87 193
87 194
87 195
87 196
87 197
87 198
87 199
87 200
87 201
87 202
87 203
87 204
87 205
87 206
87 207
87 208
87 209
87 210
87 211
87 212
87 213
87 214
87 215
87 216
87 217
87 218
87 219
87 220
87 221
87 222
87 223
87 224
87 225
87 226
87 227
87 228
87 229
87 230
87 231
87 232
87 233
87 234
87 235
87 236
87 237
87 238
87 239
87 240
87 241
87 242
87 243
87 244
87 245
87 246
87 247
87 248
87 249
87 250
87 251
87 252
87 253
87 254
87 255
87 256
87 257
87 258
87 259
87 260
87 261
87 262
87 263
87 264
87 265
87 266
87 267
87 268
87 269
87 270
87 271
87 272
87 273
87 274
87 275
87 276
87 277
87 278
87 279
87 280
87 281
88 153
88 154
88 155
88 156
88 157
88 158
88 159
88 160
88 161
88 162
88 163
88 164
88 165
88 166
88 167
88 168
88 169
88 170
88 171
88 172
88 173
88 174
88 175
88 176
88 177
88 178
88 179
88 180
88 181
88 182
88 183
88 184
88 185
88 186
88 187
88 188
88 189
88 190
88 191
88 192
88 193
88 194
88 195
88 196
88 197
88 198
88 199
88 200
88 201
88 202
88 203
88 204
88 205
88 206
88 207
88 208
88 209
88 210
88 211
88 212
88 213
88 214
88 215
88 216
88 217
88 218
88 219
88 220
88 221
88 222
88 223
88 224
88 225
88 226
88 227
88 228
88 229
88 230
88 231
88 232
88 233
88 234
88 235
88 236
88 237
88 238
88 239
88 240
88 241
88 242
88 243
88 244
88 245
88 246
88 247
88 248
88 249
88 250
88 251
88 252
88 253
88 254
88 255
88 256
88 257
88 258
88 259
88 260
88 261
88 262
88 263
88 264
88 265
88 266
88 267
88 268
88 269
88 270
88 271
88 272
88 273
88 274
88 275
88 276
88 277
88 278
88 279
88 280
88 281
88 282
88 283
88 284
88 285
88 286
88 287
88 288
88 289
88 290
89 144
89 145
89 146
89 147
89 148
89 149
89 150
89 151
89 152
89 153
89 154
89 155
89 156
89 157
89 158
89 159
89 160
89 161
89 162
89 163
89 164
89 165
89 166
89 167
89 168
89 169
89 170
89 171
89 172
89 173
89 174
89 175
89 176
89 177
89 178
89 179
89 180
89 181
89 182
89 183
89 184
89 185
89 186
89 187
89 188
89 189
89 190
89 191
89 192
89 193
89 194
89 195
89 196
89 197
89 198
89 199
89 200
89 201
89 202
89 203
89 204
89 205
89 206
89 207
89 208
89 209
89 210
89 211
89 212
89 213
89 214
89 215
89 216
89 217
89 218
89 219
89 220
89 221
89 222
89 223
89 224
89 225
89 226
89 227
89 228
89 229
89 230
89 231
89 232
89 233
89 234
89 235
89 236
89 237
89 238
89 239
89 240
89 241
89 242
89 243
89 244
89 245
89 246
89 247
89 248
89 249
89 250
89 251
89 252
89 253
89 254
89 255
89 256
89 257
89 258
89 259
89 260
89 261
89 262
89 263
89 264
89 265
89 266
89 267
89 268
89 269
89 270
89 271
89 272
89 273
89 274
89 275
89 276
89 277
89 278
89 279
89 280
89 281
89 282
89 283
89 284
89 285
89 286
89 287
89 288
89 289
89 290
89 291
89 292
89 293
89 294
89 295
89 296
89 297
89 298
89 299
90 135
90 136
90 137
90 138
90 139
90 140
90 141
90 142
90 143
90 144
90 145
90 146
90 147
90 148
90 149
90 150
90 151
90 152
90 153
90 154
90 155
90 156
90 157
90 158
90 159
90 160
90 161
90 162
90 163
90 164
90 165
90 166
90 167
90 168
90 169
90 170
90 171
90 172
90 173
90 174
90 175
90 176
90 177
90 178
90 179
90 180
90 181
90 182
90 183
90 184
90 185
90 186
90 187
90 188
90 189
90 190
90 191
90 192
90 193
90 194
90 195
90 196
90 197
90 198
90 199
90 200
90 201
90 202
90 203
90 204
90 205
90 206
90 207
90 208
90 209
90 210
90 211
90 212
90 213
90 214
90 215
90 216
90 217
90 218
90 219
90 220
90 221
90 222
90 223
90 224
90 225
90 226
90 227
90 228
90 229
90 230
90 231
90 232
90 233
90 234
90 235
90 236
90 237
90 238
90 239
90 240
90 241
90 242
90 243
90 244
90 245
90 246
90 247
90 248
90 249
90 250
90 251
90 252
90 253
90 254
90 255
90 256
90 257
90 258
90 259
90 260
90 261
90 262
90 263
90 264
90 265
90 266
90 267
90 268
90 269
90 270
90 271
90 272
90 273
90 274
90 275
90 276
90 277
90 278
90 279
90 280
90 281
90 282
90 283
90 284
90 285
90 286
90 287
90 288
90 289
90 290
90 291
90 292
90 293
90 294
90 295
90 296
90 297
90 298
90 299
90 300
90 301
90 302
90 303
90 304
90 305
90 306
90 307
90 308
91 126
91 127
91 128
91 129
91 130
91 131
91 132
91 133
91 134
91 135
91 136
91 137
91 138
91 139
91 140
91 141
91 142
91 143
91 144
91 145
91 146
91 147
91 148
91 149
91 150
91 151
91 152
91 153
91 154
91 155
91 156
91 157
91 158
91 159
91 160
91 161
91 162
91 163
91 164
91 165
91 166
91 167
91 168
91 169
91 170
91 171
91 172
91 173
91 174
91 175
91 176
91 177
91 178
91 179
91 180
91 181
91 182
91 183
91 184
91 185
91 186
91 187
91 188
91 189
91 190
91 191
91 192
91 193
91 194
91 195
91 196
91 197
91 198
91 199
91 200
91 201
91 202
91 203
91 204
91 205
91 206
91 207
91 208
91 209
91 210
91 211
91 212
91 213
91 214
91 215
91 216
91 217
91 218
91 219
91 220
91 221
91 222
91 223
91 224
91 225
91 226
91 227
91 228
91 229
91 230
91 231
91 232
91 233
91 234
91 235
91 236
91 237
91 238
91 239
91 240
91 241
91 242
91 243
91 244
91 245
91 246
91 247
91 248
91 249
91 250
91 251
91 252
91 253
91 254
91 255
91 256
91 257
91 258
91 259
91 260
91 261
91 262
91 263
91 264
91 265
91 266
91 267
91 268
91 269
91 270
91 271
91 272
91 273
91 274
91 275
91 276
91 277
91 278
91 279
91 280
91 281
91 282
91 283
91 284
91 285
91 286
91 287
91 288
91 289
91 290
91 291
91 292
91 293
91 294
91 295
91 296
91 297
91 298
91 299
91 300
91 301
91 302
91 303
91 304
91 305
91 306
91 307
91 308
91 309
91 310
91 311
91 312
91 313
91 314
91 315
91 316
91 317
92 116
92 117
92 118
92 119
92 120
92 121
92 122
92 123
92 124
92 125
92 126
92 127
92 128
92 129
92 130
92 131
92 132
92 133
92 134
92 135
92 136
92 137
92 138
92 139
92 140
92 141
92 142
92 143
92 144
92 145
92 146
92 147
92 148
92 149
92 150
92 151
92 152
92 153
92 154
92 155
92 156
92 157
92 158
92 159
92 160
92 161
92 162
92 163
92 164
92 165
92 166
92 167
92 168
92 169
92 170
92 171
92 172
92 173
92 174
92 175
92 176
92 177
92 178
92 179
92 180
92 181
92 182
92 183
92 184
92 185
92 186
92 187
92 188
92 189
92 190
92 191
92 192
92 193
92 194
92 195
92 196
92 197
92 198
92 199
92 200
92 201
92 202
92 203
92 204
92 205
92 206
92 207
92 208
92 209
92 210
92 211
92 212
92 213
92 214
92 215
92 216
92 217
92 218
92 219
92 220
92 221
92 222
92 223
92 224
92 225
92 226
92 227
92 228
92 229
92 230
92 231
92 232
92 233
92 234
92 235
92 236
92 237
92 238
92 239
92 240
92 241
92 242
92 243
92 244
92 245
92 246
92 247
92 248
92 249
92 250
92 251
92 252
92 253
92 254
92 255
92 256
92 257
92 258
92 259
92 260
92 261
92 262
92 263
92 264
92 265
92 266
92 267
92 268
92 269
92 270
92 271
92 272
92 273
92 274
92 275
92 276
92 277
92 278
92 279
92 280
92 281
92 282
92 283
92 284
92 285
92 286
92 287
92 288
92 289
92 290
92 291
92 292
92 293
92 294
92 295
92 296
92 297
92 298
92 299
92 300
92 301
92 302
92 303
92 304
92 305
92 306
92 307
92 308
92 309
92 310
92 311
92 312
92 313
92 314
92 315
92 316
92 317
92 318
92 319
92 320
92 321
92 322
92 323
92 324
92 325
92 326
92 327
93 107
93 108
93 109
93 110
93 111
93 112
93 113
93 114
93 115
93 116
93 117
93 118
93 119
93 120
93 121
93 122
93 123
93 124
93 125
93 126
93 127
93 128
93 129
93 130
93 131
93 132
93 133
93 134
93 135
93 136
93 137
93 138
93 139
93 140
93 141
93 142
93 143
93 144
93 145
93 146
93 147
93 148
93 149
93 150
93 151
93 152
93 153
93 154
93 155
93 156
93 157
93 158
93 159
93 160
93 161
93 162
93 163
93 164
93 165
93 166
93 167
93 168
93 169
93 170
93 171
93 172
93 173
93 174
93 175
93 176
93 177
93 178
93 179
93 180
93 181
93 182
93 183
93 184
93 185
93 186
93 187
93 188
93 189
93 190
93 191
93 192
93 193
93 194
93 195
93 196
93 197
93 198
93 199
93 200
93 201
93 202
93 203
93 204
93 205
93 206
93 207
93 208
93 209
93 210
93 211
93 212
93 213
93 214
93 215
93 216
93 217
93 218
93 219
93 220
93 221
93 222
93 223
93 224
93 225
93 226
93 227
93 228
93 229
93 230
93 231
93 232
93 233
93 234
93 235
93 236
93 237
93 238
93 239
93 240
93 241
93 242
93 243
93 244
93 245
93 246
93 247
93 248
93 249
93 250
93 251
93 252
93 253
93 254
93 255
93 256
93 257
93 258
93 259
93 260
93 261
93 262
93 263
93 264
93 265
93 266
93 267
93 268
93 269
93 270
93 271
93 272
93 273
93 274
93 275
93 276
93 277
93 278
93 279
93 280
93 281
93 282
93 283
93 284
93 285
93 286
93 287
93 288
93 289
93 290
93 291
93 292
93 293
93 294
93 295
93 296
93 297
93 298
93 299
93 300
93 301
93 302
93 303
93 304
93 305
93 306
93 307
93 308
93 309
93 310
93 311
93 312
93 313
93 314
93 315
93 316
93 317
93 318
93 319
93 320
93 321
93 322
93 323
93 324
93 325
93 326
93 327
93 328
93 329
93 330
93 331
93 332
93 333
93 334
93 335
93 336
94 98
94 99
94 100
94 101
94 102
94 103
94 104
94 105
94 106
94 107
94 108
94 109
94 110
94 111
94 112
94 113
94 114
94 115
94 116
94 117
94 118
94 119
94 120
94 121
94 122
94 123
94 124
94 125
94 126
94 127
94 128
94 129
94 130
94 131
94 132
94 133
94 134
94 135
94 136
94 137
94 138
94 139
94 140
94 141
94 142
94 143
94 144
94 145
94 146
94 147
94 148
94 149
94 150
94 151
94 152
94 153
94 154
94 155
94 156
94 157
94 158
94 159
94 160
94 161
94 162
94 163
94 164
94 165
94 166
94 167
94 168
94 169
94 170
94 171
94 172
94 173
94 174
94 175
94 176
94 177
94 178
94 179
94 180
94 181
94 182
94 183
94 184
94 185
94 186
94 187
94 188
94 189
94 190
94 191
94 192
94 193
94 194
94 195
94 196
94 197
94 198
94 199
94 200
94 201
94 202
94 203
94 204
94 205
94 206
94 207
94 208
94 209
94 210
94 211
94 212
94 213
94 214
94 215
94 216
94 217
94 218
94 219
94 220
94 221
94 222
94 223
94 224
94 225
94 226
94 227
94 228
94 229
94 230
94 231
94 232
94 233
94 234
94 235
94 236
94 237
94 238
94 239
94 240
94 241
94 242
94 243
94 244
94 245
94 246
94 247
94 248
94 249
94 250
94 251
94 252
94 253
94 254
94 255
94 256
94 257
94 258
94 259
94 260
94 261
94 262
94 263
94 264
94 265
94 266
94 267
94 268
94 269
94 270
94 271
94 272
94 273
94 274
94 275
94 276
94 277
94 278
94 279
94 280
94 281
94 282
94 283
94 284
94 285
94 286
94 287
94 288
94 289
94 290
94 291
94 292
94 293
94 294
94 295
94 296
94 297
94 298
94 299
94 300
94 301
94 302
94 303
94 304
94 305
94 306
94 307
94 308
94 309
94 310
94 311
94 312
94 313
94 314
94 315
94 316
94 317
94 318
94 319
94 320
94 321
94 322
94 323
94 324
94 325
94 326
94 327
94 328
94 329
94 330
94 331
94 332
94 333
94 334
94 335
94 336
94 337
94 338
94 339
94 340
94 341
94 342
94 343
94 344
94 345
95 89
95 90
95 91
95 92
95 93
95 94
95 95
95 96
95 97
95 98
95 99
95 100
95 101
95 102
95 103
95 104
95 105
95 106
95 107
95 108
95 109
95 110
95 111
95 112
95 113
95 114
95 115
95 116
95 117
95 118
95 119
95 120
95 121
95 122
95 123
95 124
95 125
95 126
95 127
95 128
95 129
95 130
95 131
95 132
95 133
95 134
95 135
95 136
95 137
95 138
95 139
95 140
95 141
95 142
95 143
95 144
95 145
95 146
95 147
95 148
95 149
95 150
95 151
95 152
95 153
95 154
95 155
95 156
95 157
95 158
95 159
95 160
95 161
95 162
95 163
95 164
95 165
95 166
95 167
95 168
95 169
95 170
95 171
95 172
95 173
95 174
95 175
95 176
95 177
95 178
95 179
95 180
95 181
95 182
95 183
95 184
95 185
95 186
95 187
95 188
95 189
95 190
95 191
95 192
95 193
95 194
95 195
95 196
95 197
95 198
95 199
95 200
95 201
95 202
95 203
95 204
95 205
95 206
95 207
95 208
95 209
95 210
95 211
95 212
95 213
95 214
95 215
95 216
95 217
95 218
95 219
95 220
95 221
95 222
95 223
95 224
95 225
95 226
95 227
95 228
95 229
95 230
95 231
95 232
95 233
95 234
95 235
95 236
95 237
95 238
95 239
95 240
95 241
95 242
95 243
95 244
95 245
95 246
95 247
95 248
95 249
95 250
95 251
95 252
95 253
95 254
95 255
95 256
95 257
95 258
95 259
95 260
95 261
95 262
95 263
95 264
95 265
95 266
95 267
95 268
95 269
95 270
95 271
95 272
95 273
95 274
95 275
95 276
95 277
95 278
95 279
95 280
95 281
95 282
95 283
95 284
95 285
95 286
95 287
95 288
95 289
95 290
95 291
95 292
95 293
95 294
95 295
95 296
95 297
95 298
95 299
95 300
95 301
95 302
95 303
95 304
95 305
95 306
95 307
95 308
95 309
95 310
95 311
95 312
95 313
95 314
95 315
95 316
95 317
95 318
95 319
95 320
95 321
95 322
95 323
95 324
95 325
95 326
95 327
95 328
95 329
95 330
95 331
95 332
95 333
95 334
95 335
95 336
95 337
95 338
95 339
95 340
95 341
95 342
95 343
95 344
95 345
95 346
95 347
95 348
95 349
95 350
95 351
95 352
95 353
95 354
96 80
96 81
96 82
96 83
96 84
96 85
96 86
96 87
96 88
96 89
96 90
96 91
96 92
96 93
96 94
96 95
96 96
96 97
96 98
96 99
96 100
96 101
96 102
96 103
96 104
96 105
96 106
96 107
96 108
96 109
96 110
96 111
96 112
96 113
96 114
96 115
96 116
96 117
96 118
96 119
96 120
96 121
96 122
96 123
96 124
96 125
96 126
96 127
96 128
96 129
96 130
96 131
96 132
96 133
96 134
96 135
96 136
96 137
96 138
96 139
96 140
96 141
96 142
96 143
96 144
96 145
96 146
96 147
96 148
96 149
96 150
96 151
96 152
96 153
96 154
96 155
96 156
96 157
96 158
96 159
96 160
96 161
96 162
96 163
96 164
96 165
96 166
96 167
96 168
96 169
96 170
96 171
96 172
96 173
96 174
96 175
96 176
96 177
96 178
96 179
96 180
96 181
96 182
96 183
96 184
96 185
96 186
96 187
96 188
96 189
96 190
96 191
96 192
96 193
96 194
96 195
96 196
96 197
96 198
96 199
96 200
96 201
96 202
96 203
96 204
96 205
96 206
96 207
96 208
96 209
96 210
96 211
96 212
96 213
96 214
96 215
96 216
96 217
96 218
96 219
96 220
96 221
96 222
96 223
96 224
96 225
96 226
96 227
96 228
96 229
96 230
96 231
96 232
96 233
96 234
96 235
96 236
96 237
96 238
96 239
96 240
96 241
96 242
96 243
96 244
96 245
96 246
96 247
96 248
96 249
96 250
96 251
96 252
96 253
96 254
96 255
96 256
96 257
96 258
96 259
96 260
96 261
96 262
96 263
96 264
96 265
96 266
96 267
96 268
96 269
96 270
96 271
96 272
96 273
96 274
96 275
96 276
96 277
96 278
96 279
96 280
96 281
96 282
96 283
96 284
96 285
96 286
96 287
96 288
96 289
96 290
96 291
96 292
96 293
96 294
96 295
96 296
96 297
96 298
96 299
96 300
96 301
96 302
96 303
96 304
96 305
96 306
96 307
96 308
96 309
96 310
96 311
96 312
96 313
96 314
96 315
96 316
96 317
96 318
96 319
96 320
96 321
96 322
96 323
96 324
96 325
96 326
96 327
96 328
96 329
96 330
96 331
96 332
96 333
96 334
96 335
96 336
96 337
96 338
96 339
96 340
96 341
96 342
96 343
96 344
96 345
96 346
96 347
96 348
96 349
96 350
96 351
96 352
96 353
96 354
96 355
96 356
96 357
96 358
96 359
96 360
96 361
96 362
96 363
97 70
97 71
97 72
97 73
97 74
97 75
97 76
97 77
97 78
97 79
97 80
97 81
97 82
97 83
97 84
97 85
97 86
97 87
97 88
97 89
97 90
97 91
97 92
97 93
97 94
97 95
97 96
97 97
97 98
97 99
97 100
97 101
97 102
97 103
97 104
97 105
97 106
97 107
97 108
97 109
97 110
97 111
97 112
97 113
97 114
97 115
97 116
97 117
97 118
97 119
97 120
97 121
97 122
97 123
97 124
97 125
97 126
97 127
97 128
97 129
97 130
97 131
97 132
97 133
97 134
97 135
97 136
97 137
97 138
97 139
97 140
97 141
97 142
97 143
97 144
97 145
97 146
97 147
97 148
97 149
97 150
97 151
97 152
97 153
97 154
97 155
97 156
97 157
97 158
97 159
97 160
97 161
97 162
97 163
97 164
97 165
97 166
97 167
97 168
97 169
97 170
97 171
97 172
97 173
97 174
97 175
97 176
97 177
97 178
97 179
97 180
97 181
97 182
97 183
97 184
97 185
97 186
97 187
97 188
97 189
97 190
97 191
97 192
97 193
97 194
97 195
97 196
97 197
97 198
97 199
97 200
97 201
97 202
97 203
97 204
97 205
97 206
97 207
97 208
97 209
97 210
97 211
97 212
97 213
97 214
97 215
97 216
97 217
97 218
97 219
97 220
97 221
97 222
97 223
97 224
97 225
97 226
97 227
97 228
97 229
97 230
97 231
97 232
97 233
97 234
97 235
97 236
97 237
97 238
97 239
97 240
97 241
97 242
97 243
97 244
97 245
97 246
97 247
97 248
97 249
97 250
97 251
97 252
97 253
97 254
97 255
97 256
97 257
97 258
97 259
97 260
97 261
97 262
97 263
97 264
97 265
97 266
97 267
97 268
97 269
97 270
97 271
97 272
97 273
97 274
97 275
97 276
97 277
97 278
97 279
97 280
97 281
97 282
97 283
97 284
97 285
97 286
97 287
97 288
97 289
97 290
97 291
97 292
97 293
97 294
97 295
97 296
97 297
97 298
97 299
97 300
97 301
97 302
97 303
97 304
97 305
97 306
97 307
97 308
97 309
97 310
97 311
97 312
97 313
97 314
97 315
97 316
97 317
97 318
97 319
97 320
97 321
97 322
97 323
97 324
97 325
97 326
97 327
97 328
97 329
97 330
97 331
97 332
97 333
97 334
97 335
97 336
97 337
97 338
97 339
97 340
97 341
97 342
97 343
97 344
97 345
97 346
97 347
97 348
97 349
97 350
97 351
97 352
97 353
97 354
97 355
97 356
97 357
97 358
97 359
97 360
97 361
97 362
97 363
97 364
97 365
97 366
97 367
97 368
97 369
97 370
97 371
97 372
97 373
98 71
98 72
98 73
98 74
98 75
98 76
98 77
98 78
98 79
98 80
98 81
98 82
98 83
98 84
98 85
98 86
98 87
98 88
98 89
98 90
98 91
98 92
98 93
98 94
98 95
98 96
98 97
98 98
98 99
98 100
98 101
98 102
98 103
98 104
98 105
98 106
98 107
98 108
98 109
98 110
98 111
98 112
98 113
98 114
98 115
98 116
98 117
98 118
98 119
98 120
98 121
98 122
98 123
98 124
98 125
98 126
98 127
98 128
98 129
98 130
98 131
98 132
98 133
98 134
98 135
98 136
98 137
98 138
98 139
98 140
98 141
98 142
98 143
98 144
98 145
98 146
98 147
98 148
98 149
98 150
98 151
98 152
98 153
98 154
98 155
98 156
98 157
98 158
98 159
98 160
98 161
98 162
98 163
98 164
98 165
98 166
98 167
98 168
98 169
98 170
98 171
98 172
98 173
98 174
98 175
98 176
98 177
98 178
98 179
98 180
98 181
98 182
98 183
98 184
98 185
98 186
98 187
98 188
98 189
98 190
98 191
98 192
98 193
98 194
98 195
98 196
98 197
98 198
98 199
98 200
98 201
98 202
98 203
98 204
98 205
98 206
98 207
98 208
98 209
98 210
98 211
98 212
98 213
98 214
98 215
98 216
98 217
98 218
98 219
98 220
98 221
98 222
98 223
98 224
98 225
98 226
98 227
98 228
98 229
98 230
98 231
98 232
98 233
98 234
98 235
98 236
98 237
98 238
98 239
98 240
98 241
98 242
98 243
98 244
98 245
98 246
98 247
98 248
98 249
98 250
98 251
98 252
98 253
98 254
98 255
98 256
98 257
98 258
98 259
98 260
98 261
98 262
98 263
98 264
98 265
98 266
98 267
98 268
98 269
98 270
98 271
98 272
98 273
98 274
98 275
98 276
98 277
98 278
98 279
98 280
98 281
98 282
98 283
98 284
98 285
98 286
98 287
98 288
98 289
98 290
98 291
98 292
98 293
98 294
98 295
98 296
98 297
98 298
98 299
98 300
98 301
98 302
98 303
98 304
98 305
98 306
98 307
98 308
98 309
98 310
98 311
98 312
98 313
98 314
98 315
98 316
98 317
98 318
98 319
98 320
98 321
98 322
98 323
98 324
98 325
98 326
98 327
98 328
98 329
98 330
98 331
98 332
98 333
98 334
98 335
98 336
98 337
98 338
98 339
98 340
98 341
98 342
98 343
98 344
98 345
98 346
98 347
98 348
98 349
98 350
98 351
98 352
98 353
98 354
98 355
98 356
98 357
98 358
98 359
98 360
98 361
98 362
98 363
98 364
98 365
98 366
98 367
98 368
98 369
98 370
98 371
98 372
99 80
99 81
99 82
99 83
99 84
99 85
99 86
99 87
99 88
99 89
99 90
99 91
99 92
99 93
99 94
99 95
99 96
99 97
99 98
99 99
99 100
99 101
99 102
99 103
99 104
99 105
99 106
99 107
99 108
99 109
99 110
99 111
99 112
99 113
99 114
99 115
99 116
99 117
99 118
99 119
99 120
99 121
99 122
99 123
99 124
99 125
99 126
99 127
99 128
99 129
99 130
99 131
99 132
99 133
99 134
99 135
99 136
99 137
99 138
99 139
99 140
99 141
99 142
99 143
99 144
99 145
99 146
99 147
99 148
99 149
99 150
99 151
99 152
99 153
99 154
99 155
99 156
99 157
99 158
99 159
99 160
99 161
99 162
99 163
99 164
99 165
99 166
99 167
99 168
99 169
99 170
99 171
99 172
99 173
99 174
99 175
99 176
99 177
99 178
99 179
99 180
99 181
99 182
99 183
99 184
99 185
99 186
99 187
99 188
99 189
99 190
99 191
99 192
99 193
99 194
99 195
99 196
99 197
99 198
99 199
99 200
99 201
99 202
99 203
99 204
99 205
99 206
99 207
99 208
99 209
99 210
99 211
99 212
99 213
99 214
99 215
99 216
99 217
99 218
99 219
99 220
99 221
99 222
99 223
99 224
99 225
99 226
99 227
99 228
99 229
99 230
99 231
99 232
99 233
99 234
99 235
99 236
99 237
99 238
99 239
99 240
99 241
99 242
99 243
99 244
99 245
99 246
99 247
99 248
99 249
99 250
99 251
99 252
99 253
99 254
99 255
99 256
99 257
99 258
99 259
99 260
99 261
99 262
99 263
99 264
99 265
99 266
99 267
99 268
99 269
99 270
99 271
99 272
99 273
99 274
99 275
99 276
99 277
99 278
99 279
99 280
99 281
99 282
99 283
99 284
99 285
99 286
99 287
99 288
99 289
99 290
99 291
99 292
99 293
99 294
99 295
99 296
99 297
99 298
99 299
99 300
99 301
99 302
99 303
99 304
99 305
99 306
99 307
99 308
99 309
99 310
99 311
99 312
99 313
99 314
99 315
99 316
99 317
99 318
99 319
99 320
99 321
99 322
99 323
99 324
99 325
99 326
99 327
99 328
99 329
99 330
99 331
99 332
99 333
99 334
99 335
99 336
99 337
99 338
99 339
99 340
99 341
99 342
99 343
99 344
99 345
99 346
99 347
99 348
99 349
99 350
99 351
99 352
99 353
99 354
99 355
99 356
99 357
99 358
99 359
99 360
99 361
99 362
99 363
100 89
100 90
100 91
100 92
100 93
100 94
100 95
100 96
100 97
100 98
100 99
100 100
100 101
100 102
100 103
100 104
100 105
100 106
100 107
100 108
100 109
100 110
100 111
100 112
100 113
100 114
100 115
100 116
100 117
100 118
100 119
100 120
100 121
100 122
100 123
100 124
100 125
100 126
100 127
100 128
100 129
100 130
100 131
100 132
100 133
100 134
100 135
100 136
100 137
100 138
100 139
100 140
100 141
100 142
100 143
100 144
100 145
100 146
100 147
100 148
100 149
100 150
100 151
100 152
100 153
100 154
100 155
100 156
100 157
100 158
100 159
100 160
100 161
100 162
100 163
100 164
100 165
100 166
100 167
100 168
100 169
100 170
100 171
100 172
100 173
100 174
100 175
100 176
100 177
100 178
100 179
100 180
100 181
100 182
100 183
100 184
100 185
100 186
100 187
100 188
100 189
100 190
100 191
100 192
100 193
100 194
100 195
100 196
100 197
100 198
100 199
100 200
100 201
100 202
100 203
100 204
100 205
100 206
100 207
100 208
100 209
100 210
100 211
100 212
100 213
100 214
100 215
100 216
100 217
100 218
100 219
100 220
100 221
100 222
100 223
100 224
100 225
100 226
100 227
100 228
100 229
100 230
100 231
100 232
100 233
100 234
100 235
100 236
100 237
100 238
100 239
100 240
100 241
100 242
100 243
100 244
100 245
100 246
100 247
100 248
100 249
100 250
100 251
100 252
100 253
100 254
100 255
100 256
100 257
100 258
100 259
100 260
100 261
100 262
100 263
100 264
100 265
100 266
100 267
100 268
100 269
100 270
100 271
100 272
100 273
100 274
100 275
100 276
100 277
100 278
100 279
100 280
100 281
100 282
100 283
100 284
100 285
100 286
100 287
100 288
100 289
100 290
100 291
100 292
100 293
100 294
100 295
100 296
100 297
100 298
100 299
100 300
100 301
100 302
100 303
100 304
100 305
100 306
100 307
100 308
100 309
100 310
100 311
100 312
100 313
100 314
100 315
100 316
100 317
100 318
100 319
100 320
100 321
100 322
100 323
100 324
100 325
100 326
100 327
100 328
100 329
100 330
100 331
100 332
100 333
100 334
100 335
100 336
100 337
100 338
100 339
100 340
100 341
100 342
100 343
100 344
100 345
100 346
100 347
100 348
100 349
100 350
100 351
100 352
100 353
100 354
101 98
101 99
101 100
101 101
101 102
101 103
101 104
101 105
101 106
101 107
101 108
101 109
101 110
101 111
101 112
101 113
101 114
101 115
101 116
101 117
101 118
101 119
101 120
101 121
101 122
101 123
101 124
101 125
101 126
101 127
101 128
101 129
101 130
101 131
101 132
101 133
101 134
101 135
101 136
101 137
101 138
101 139
101 140
101 141
101 142
101 143
101 144
101 145
101 146
101 147
101 148
101 149
101 150
101 151
101 152
101 153
101 154
101 155
101 156
101 157
101 158
101 159
101 160
101 161
101 162
101 163
101 164
101 165
101 166
101 167
101 168
101 169
101 170
101 171
101 172
101 173
101 174
101 175
101 176
101 177
101 178
101 179
101 180
101 181
101 182
101 183
101 184
101 185
101 186
101 187
101 188
101 189
101 190
101 191
101 192
101 193
101 194
101 195
101 196
101 197
101 198
101 199
101 200
101 201
101 202
101 203
101 204
101 205
101 206
101 207
101 208
101 209
101 210
101 211
101 212
101 213
101 214
101 215
101 216
101 217
101 218
101 219
101 220
101 221
101 222
101 223
101 224
101 225
101 226
101 227
101 228
101 229
101 230
101 231
101 232
101 233
101 234
101 235
101 236
101 237
101 238
101 239
101 240
101 241
101 242
101 243
101 244
101 245
101 246
101 247
101 248
101 249
101 250
101 251
101 252
101 253
101 254
101 255
101 256
101 257
101 258
101 259
101 260
101 261
101 262
101 263
101 264
101 265
101 266
101 267
101 268
101 269
101 270
101 271
101 272
101 273
101 274
101 275
101 276
101 277
101 278
101 279
101 280
101 281
101 282
101 283
101 284
101 285
101 286
101 287
101 288
101 289
101 290
101 291
101 292
101 293
101 294
101 295
101 296
101 297
101 298
101 299
101 300
101 301
101 302
101 303
101 304
101 305
101 306
101 307
101 308
101 309
101 310
101 311
101 312
101 313
101 314
101 315
101 316
101 317
101 318
101 319
101 320
101 321
101 322
101 323
101 324
101 325
101 326
101 327
101 328
101 329
101 330
101 331
101 332
101 333
101 334
101 335
101 336
101 337
101 338
101 339
101 340
101 341
101 342
101 343
101 344
102 107
102 108
102 109
102 110
102 111
102 112
102 113
102 114
102 115
102 116
102 117
102 118
102 119
102 120
102 121
102 122
102 123
102 124
102 125
102 126
102 127
102 128
102 129
102 130
102 131
102 132
102 133
102 134
102 135
102 136
102 137
102 138
102 139
102 140
102 141
102 142
102 143
102 144
102 145
102 146
102 147
102 148
102 149
102 150
102 151
102 152
102 153
102 154
102 155
102 156
102 157
102 158
102 159
102 160
102 161
102 162
102 163
102 164
102 165
102 166
102 167
102 168
102 169
102 170
102 171
102 172
102 173
102 174
102 175
102 176
102 177
102 178
102 179
102 180
102 181
102 182
102 183
102 184
102 185
102 186
102 187
102 188
102 189
102 190
102 191
102 192
102 193
102 194
102 195
102 196
102 197
102 198
102 199
102 200
102 201
102 202
102 203
102 204
102 205
102 206
102 207
102 208
102 209
102 210
102 211
102 212
102 213
102 214
102 215
102 216
102 217
102 218
102 219
102 220
102 221
102 222
102 223
102 224
102 225
102 226
102 227
102 228
102 229
102 230
102 231
102 232
102 233
102 234
102 235
102 236
102 237
102 238
102 239
102 240
102 241
102 242
102 243
102 244
102 245
102 246
102 247
102 248
102 249
102 250
102 251
102 252
102 253
102 254
102 255
102 256
102 257
102 258
102 259
102 260
102 261
102 262
102 263
102 264
102 265
102 266
102 267
102 268
102 269
102 270
102 271
102 272
102 273
102 274
102 275
102 276
102 277
102 278
102 279
102 280
102 281
102 282
102 283
102 284
102 285
102 286
102 287
102 288
102 289
102 290
102 291
102 292
102 293
102 294
102 295
102 296
102 297
102 298
102 299
102 300
102 301
102 302
102 303
102 304
102 305
102 306
102 307
102 308
102 309
102 310
102 311
102 312
102 313
102 314
102 315
102 316
102 317
102 318
102 319
102 320
102 321
102 322
102 323
102 324
102 325
102 326
102 327
102 328
102 329
102 330
102 331
102 332
102 333
102 334
102 335
103 116
103 117
103 118
103 119
103 120
103 121
103 122
103 123
103 124
103 125
103 126
103 127
103 128
103 129
103 130
103 131
103 132
103 133
103 134
103 135
103 136
103 137
103 138
103 139
103 140
103 141
103 142
103 143
103 144
103 145
103 146
103 147
103 148
103 149
103 150
103 151
103 152
103 153
103 154
103 155
103 156
103 157
103 158
103 159
103 160
103 161
103 162
103 163
103 164
103 165
103 166
103 167
103 168
103 169
103 170
103 171
103 172
103 173
103 174
103 175
103 176
103 177
103 178
103 179
103 180
103 181
103 182
103 183
103 184
103 185
103 186
103 187
103 188
103 189
103 190
103 191
103 192
103 193
103 194
103 195
103 196
103 197
103 198
103 199
103 200
103 201
103 202
103 203
103 204
103 205
103 206
103 207
103 208
103 209
103 210
103 211
103 212
103 213
103 214
103 215
103 216
103 217
103 218
103 219
103 220
103 221
103 222
103 223
103 224
103 225
103 226
103 227
103 228
103 229
103 230
103 231
103 232
103 233
103 234
103 235
103 236
103 237
103 238
103 239
103 240
103 241
103 242
103 243
103 244
103 245
103 246
103 247
103 248
103 249
103 250
103 251
103 252
103 253
103 254
103 255
103 256
103 257
103 258
103 259
103 260
103 261
103 262
103 263
103 264
103 265
103 266
103 267
103 268
103 269
103 270
103 271
103 272
103 273
103 274
103 275
103 276
103 277
103 278
103 279
103 280
103 281
103 282
103 283
103 284
103 285
103 286
103 287
103 288
103 289
103 290
103 291
103 292
103 293
103 294
103 295
103 296
103 297
103 298
103 299
103 300
103 301
103 302
103 303
103 304
103 305
103 306
103 307
103 308
103 309
103 310
103 311
103 312
103 313
103 314
103 315
103 316
103 317
103 318
103 319
103 320
103 321
103 322
103 323
103 324
103 325
103 326
104 126
104 127
104 128
104 129
104 130
104 131
104 132
104 133
104 134
104 135
104 136
104 137
104 138
104 139
104 140
104 141
104 142
104 143
104 144
104 145
104 146
104 147
104 148
104 149
104 150
104 151
104 152
104 153
104 154
104 155
104 156
104 157
104 158
104 159
104 160
104 161
104 162
104 163
104 164
104 165
104 166
104 167
104 168
104 169
104 170
104 171
104 172
104 173
104 174
104 175
104 176
104 177
104 178
104 179
104 180
104 181
104 182
104 183
104 184
104 185
104 186
104 187
104 188
104 189
104 190
104 191
104 192
104 193
104 194
104 195
104 196
104 197
104 198
104 199
104 200
104 201
104 202
104 203
104 204
104 205
104 206
104 207
104 208
104 209
104 210
104 211
104 212
104 213
104 214
104 215
104 216
104 217
104 218
104 219
104 220
104 221
104 222
104 223
104 224
104 225
104 226
104 227
104 228
104 229
104 230
104 231
104 232
104 233
104 234
104 235
104 236
104 237
104 238
104 239
104 240
104 241
104 242
104 243
104 244
104 245
104 246
104 247
104 248
104 249
104 250
104 251
104 252
104 253
104 254
104 255
104 256
104 257
104 258
104 259
104 260
104 261
104 262
104 263
104 264
104 265
104 266
104 267
104 268
104 269
104 270
104 271
104 272
104 273
104 274
104 275
104 276
104 277
104 278
104 279
104 280
104 281
104 282
104 283
104 284
104 285
104 286
104 287
104 288
104 289
104 290
104 291
104 292
104 293
104 294
104 295
104 296
104 297
104 298
104 299
104 300
104 301
104 302
104 303
104 304
104 305
104 306
104 307
104 308
104 309
104 310
104 311
104 312
104 313
104 314
104 315
104 316
104 317
105 135
105 136
105 137
105 138
105 139
105 140
105 141
105 142
105 143
105 144
105 145
105 146
105 147
105 148
105 149
105 150
105 151
105 152
105 153
105 154
105 155
105 156
105 157
105 158
105 159
105 160
105 161
105 162
105 163
105 164
105 165
105 166
105 167
105 168
105 169
105 170
105 171
105 172
105 173
105 174
105 175
105 176
105 177
105 178
105 179
105 180
105 181
105 182
105 183
105 184
105 185
105 186
105 187
105 188
105 189
105 190
105 191
105 192
105 193
105 194
105 195
105 196
105 197
105 198
105 199
105 200
105 201
105 202
105 203
105 204
105 205
105 206
105 207
105 208
105 209
105 210
105 211
105 212
105 213
105 214
105 215
105 216
105 217
105 218
105 219
105 220
105 221
105 222
105 223
105 224
105 225
105 226
105 227
105 228
105 229
105 230
105 231
105 232
105 233
105 234
105 235
105 236
105 237
105 238
105 239
105 240
105 241
105 242
105 243
105 244
105 245
105 246
105 247
105 248
105 249
105 250
105 251
105 252
105 253
105 254
105 255
105 256
105 257
105 258
105 259
105 260
105 261
105 262
105 263
105 264
105 265
105 266
105 267
105 268
105 269
105 270
105 271
105 272
105 273
105 274
105 275
105 276
105 277
105 278
105 279
105 280
105 281
105 282
105 283
105 284
105 285
105 286
105 287
105 288
105 289
105 290
105 291
105 292
105 293
105 294
105 295
105 296
105 297
105 298
105 299
105 300
105 301
105 302
105 303
105 304
105 305
105 306
105 307
105 308
106 144
106 145
106 146
106 147
106 148
106 149
106 150
106 151
106 152
106 153
106 154
106 155
106 156
106 157
106 158
106 159
106 160
106 161
106 162
106 163
106 164
106 165
106 166
106 167
106 168
106 169
106 170
106 171
106 172
106 173
106 174
106 175
106 176
106 177
106 178
106 179
106 180
106 181
106 182
106 183
106 184
106 185
106 186
106 187
106 188
106 189
106 190
106 191
106 192
106 193
106 194
106 195
106 196
106 197
106 198
106 199
106 200
106 201
106 202
106 203
106 204
106 205
106 206
106 207
106 208
106 209
106 210
106 211
106 212
106 213
106 214
106 215
106 216
106 217
106 218
106 219
106 220
106 221
106 222
106 223
106 224
106 225
106 226
106 227
106 228
106 229
106 230
106 231
106 232
106 233
106 234
106 235
106 236
106 237
106 238
106 239
106 240
106 241
106 242
106 243
106 244
106 245
106 246
106 247
106 248
106 249
106 250
106 251
106 252
106 253
106 254
106 255
106 256
106 257
106 258
106 259
106 260
106 261
106 262
106 263
106 264
106 265
106 266
106 267
106 268
106 269
106 270
106 271
106 272
106 273
106 274
106 275
106 276
106 277
106 278
106 279
106 280
106 281
106 282
106 283
106 284
106 285
106 286
106 287
106 288
106 289
106 290
106 291
106 292
106 293
106 294
106 295
106 296
106 297
106 298
106 299
107 153
107 154
107 155
107 156
107 157
107 158
107 159
107 160
107 161
107 162
107 163
107 164
107 165
107 166
107 167
107 168
107 169
107 170
107 171
107 172
107 173
107 174
107 175
107 176
107 177
107 178
107 179
107 180
107 181
107 182
107 183
107 184
107 185
107 186
107 187
107 188
107 189
107 190
107 191
107 192
107 193
107 194
107 195
107 196
107 197
107 198
107 199
107 200
107 201
107 202
107 203
107 204
107 205
107 206
107 207
107 208
107 209
107 210
107 211
107 212
107 213
107 214
107 215
107 216
107 217
107 218
107 219
107 220
107 221
107 222
107 223
107 224
107 225
107 226
107 227
107 228
107 229
107 230
107 231
107 232
107 233
107 234
107 235
107 236
107 237
107 238
107 239
107 240
107 241
107 242
107 243
107 244
107 245
107 246
107 247
107 248
107 249
107 250
107 251
107 252
107 253
107 254
107 255
107 256
107 257
107 258
107 259
107 260
107 261
107 262
107 263
107 264
107 265
107 266
107 267
107 268
107 269
107 270
107 271
107 272
107 273
107 274
107 275
107 276
107 277
107 278
107 279
107 280
107 281
107 282
107 283
107 284
107 285
107 286
107 287
107 288
107 289
108 162
108 163
108 164
108 165
108 166
108 167
108 168
108 169
108 170
108 171
108 172
108 173
108 174
108 175
108 176
108 177
108 178
108 179
108 180
108 181
108 182
108 183
108 184
108 185
108 186
108 187
108 188
108 189
108 190
108 191
108 192
108 193
108 194
108 195
108 196
108 197
108 198
108 199
108 200
108 201
108 202
108 203
108 204
108 205
108 206
108 207
108 208
108 209
108 210
108 211
108 212
108 213
108 214
108 215
108 216
108 217
108 218
108 219
108 220
108 221
108 222
108 223
108 224
108 225
108 226
108 227
108 228
108 229
108 230
108 231
108 232
108 233
108 234
108 235
108 236
108 237
108 238
108 239
108 240
108 241
108 242
108 243
108 244
108 245
108 246
108 247
108 248
108 249
108 250
108 251
108 252
108 253
108 254
108 255
108 256
108 257
108 258
108 259
108 260
108 261
108 262
108 263
108 264
108 265
108 266
108 267
108 268
108 269
108 270
108 271
108 272
108 273
108 274
108 275
108 276
108 277
108 278
108 279
108 280
109 172
109 173
109 174
109 175
109 176
109 177
109 178
109 179
109 180
109 181
109 182
109 183
109 184
109 185
109 186
109 187
109 188
109 189
109 190
109 191
109 192
109 193
109 194
109 195
109 196
109 197
109 198
109 199
109 200
109 201
109 202
109 203
109 204
109 205
109 206
109 207
109 208
109 209
109 210
109 211
109 212
109 213
109 214
109 215
109 216
109 217
109 218
109 219
109 220
109 221
109 222
109 223
109 224
109 225
109 226
109 227
109 228
109 229
109 230
109 231
109 232
109 233
109 234
109 235
109 236
109 237
109 238
109 239
109 240
109 241
109 242
109 243
109 244
109 245
109 246
109 247
109 248
109 249
109 250
109 251
109 252
109 253
109 254
109 255
109 256
109 257
109 258
109 259
109 260
109 261
109 262
109 263
109 264
109 265
109 266
109 267
109 268
109 269
109 270
109 271
110 181
110 182
110 183
110 184
110 185
110 186
110 187
110 188
110 189
110 190
110 191
110 192
110 193
110 194
110 195
110 196
110 197
110 198
110 199
110 200
110 201
110 202
110 203
110 204
110 205
110 206
110 207
110 208
110 209
110 210
110 211
110 212
110 213
110 214
110 215
110 216
110 217
110 218
110 219
110 220
110 221
110 222
110 223
110 224
110 225
110 226
110 227
110 228
110 229
110 230
110 231
110 232
110 233
110 234
110 235
110 236
110 237
110 238
110 239
110 240
110 241
110 242
110 243
110 244
110 245
110 246
110 247
110 248
110 249
110 250
110 251
110 252
110 253
110 254
110 255
110 256
110 257
110 258
110 259
110 260
110 261
110 262
111 190
111 191
111 192
111 193
111 194
111 195
111 196
111 197
111 198
111 199
111 200
111 201
111 202
111 203
111 204
111 205
111 206
111 207
111 208
111 209
111 210
111 211
111 212
111 213
111 214
111 215
111 216
111 217
111 218
111 219
111 220
111 221
111 222
111 223
111 224
111 225
111 226
111 227
111 228
111 229
111 230
111 231
111 232
111 233
111 234
111 235
111 236
111 237
111 238
111 239
111 240
111 241
111 242
111 243
111 244
111 245
111 246
111 247
111 248
111 249
111 250
111 251
111 252
111 253
112 199
112 200
112 201
112 202
112 203
112 204
112 205
112 206
112 207
112 208
112 209
112 210
112 211
112 212
112 213
112 214
112 215
112 216
112 217
112 218
112 219
112 220
112 221
112 222
112 223
112 224
112 225
112 226
112 227
112 228
112 229
112 230
112 231
112 232
112 233
112 234
112 235
112 236
112 237
112 238
112 239
112 240
112 241
112 242
112 243
113 208
113 209
113 210
113 211
113 212
113 213
113 214
113 215
113 216
113 217
113 218
113 219
113 220
113 221
113 222
113 223
113 224
113 225
113 226
113 227
113 228
113 229
113 230
113 231
113 232
113 233
113 234
114 217
114 218
114 219
114 220
114 221
114 222
114 223
114 224
114 225