4516
56 56
56 57
56 58
56 59
56 60
56 61
56 62
56 63
56 64
56 65
56 66
56 67
56 68
56 69
56 70
56 71
56 72
56 73
56 74
56 75
57 50
57 51
57 52
57 53
57 54
57 55
57 56
57 57
57 58
57 59
57 60
57 61
57 62
57 63
57 64
57 65
57 66
57 67
57 68
57 69
57 70
57 71
57 72
57 73
57 74
57 75
57 76
57 77
57 78
57 79
57 80
57 81
57 82
57 83
57 84
58 46
58 47
58 48
58 49
58 50
58 51
58 52
58 53
58 54
58 55
58 56
58 57
58 58
58 59
58 60
58 61
58 62
58 63
58 64
58 65
58 66
58 67
58 68
58 69
58 70
58 71
58 72
58 73
58 74
58 75
58 76
58 77
58 78
58 79
58 80
58 81
58 82
58 83
58 84
58 85
58 86
58 87
59 46
59 47
59 48
59 49
59 50
59 51
59 52
59 53
59 54
59 55
59 56
59 57
59 58
59 59
59 60
59 61
59 62
59 63
59 64
59 65
59 66
59 67
59 68
59 69
59 70
59 71
59 72
59 73
59 74
59 75
59 76
59 77
59 78
59 79
59 80
59 81
59 82
59 83
59 84
59 85
59 86
60 41
60 42
60 43
60 44
60 45
60 46
60 47
60 48
60 49
60 50
60 51
60 52
60 53
60 54
60 55
60 56
60 57
60 58
60 59
60 60
60 61
60 62
60 63
60 64
60 65
60 66
60 67
60 68
60 69
60 70
60 71
60 72
60 73
60 74
60 75
60 76
60 77
60 78
60 79
60 80
60 81
60 82
60 83
60 84
60 85
60 86
60 87
60 88
60 89
60 90
60 91
60 92
60 93
60 94
60 95
61 38
61 39
61 40
61 41
61 42
61 43
61 44
61 45
61 46
61 47
61 48
61 49
61 50
61 51
61 52
61 53
61 54
61 55
61 56
61 57
61 58
61 59
61 60
61 61
61 62
61 63
61 64
61 65
61 66
61 67
61 68
61 69
61 70
61 71
61 72
61 73
61 74
61 75
61 76
61 77
61 78
61 79
61 80
61 81
61 82
61 83
61 84
61 85
61 86
61 87
61 88
61 89
61 90
61 91
61 92
61 93
61 94
61 95
61 96
61 97
61 98
61 99
61 100
62 36
62 37
62 38
62 39
62 40
62 41
62 42
62 43
62 44
62 45
62 46
62 47
62 48
62 49
62 50
62 51
62 52
62 53
62 54
62 55
62 56
62 57
62 58
62 59
62 60
62 61
62 62
62 63
62 64
62 65
62 66
62 67
62 68
62 69
62 70
62 71
62 72
62 73
62 74
62 75
62 76
62 77
62 78
62 79
62 80
62 81
62 82
62 83
62 84
62 85
62 86
62 87
62 88
62 89
62 90
62 91
62 92
62 93
62 94
62 95
62 96
62 97
62 98
62 99
62 100
62 101
62 102
63 36
63 37
63 38
63 39
63 40
63 41
63 42
63 43
63 44
63 45
63 46
63 47
63 48
63 49
63 50
63 51
63 52
63 53
63 54
63 55
63 56
63 57
63 58
63 59
63 60
63 61
63 62
63 63
63 64
63 65
63 66
63 67
63 68
63 69
63 70
63 71
63 72
63 73
63 74
63 75
63 76
63 77
63 78
63 79
63 80
63 81
63 82
63 83
63 84
63 85
63 86
63 87
63 88
63 89
63 90
63 91
63 92
63 93
63 94
63 95
63 96
63 97
63 98
63 99
63 100
63 101
64 32
64 33
64 34
64 35
64 36
64 37
64 38
64 39
64 40
64 41
64 42
64 43
64 44
64 45
64 46
64 47
64 48
64 49
64 50
64 51
64 52
64 53
64 54
64 55
64 56
64 57
64 58
64 59
64 60
64 61
64 62
64 63
64 64
64 65
64 66
64 67
64 68
64 69
64 70
64 71
64 72
64 73
64 74
64 75
64 76
64 77
64 78
64 79
64 80
64 81
64 82
64 83
64 84
64 85
64 86
64 87
64 88
64 89
64 90
64 91
64 92
64 93
64 94
64 95
64 96
64 97
64 98
64 99
64 100
64 101
64 102
64 103
64 104
64 105
64 106
64 107
64 108
64 109
65 31
65 32
65 33
65 34
65 35
65 36
65 37
65 38
65 39
65 40
65 41
65 42
65 43
65 44
65 45
65 46
65 47
65 48
65 49
65 50
65 51
65 52
65 53
65 54
65 55
65 56
65 57
65 58
65 59
65 60
65 61
65 62
65 63
65 64
65 65
65 66
65 67
65 68
65 69
65 70
65 71
65 72
65 73
65 74
65 75
65 76
65 77
65 78
65 79
65 80
65 81
65 82
65 83
65 84
65 85
65 86
65 87
65 88
65 89
65 90
65 91
65 92
65 93
65 94
65 95
65 96
65 97
65 98
65 99
65 100
65 101
65 102
65 103
65 104
65 105
65 106
65 107
65 108
65 109
65 110
65 111
65 112
66 30
66 31
66 32
66 33
66 34
66 35
66 36
66 37
66 38
66 39
66 40
66 41
66 42
66 43
66 44
66 45
66 46
66 47
66 48
66 49
66 50
66 51
66 52
66 53
66 54
66 55
66 56
66 57
66 58
66 59
66 60
66 61
66 62
66 63
66 64
66 65
66 66
66 67
66 68
66 69
66 70
66 71
66 72
66 73
66 74
66 75
66 76
66 77
66 78
66 79
66 80
66 81
66 82
66 83
66 84
66 85
66 86
66 87
66 88
66 89
66 90
66 91
66 92
66 93
66 94
66 95
66 96
66 97
66 98
66 99
66 100
66 101
66 102
66 103
66 104
66 105
66 106
66 107
66 108
66 109
66 110
66 111
66 112
66 113
67 30
67 31
67 32
67 33
67 34
67 35
67 36
67 37
67 38
67 39
67 40
67 41
67 42
67 43
67 44
67 45
67 46
67 47
67 48
67 49
67 50
67 51
67 52
67 53
67 54
67 55
67 56
67 57
67 58
67 59
67 60
67 61
67 62
67 63
67 64
67 65
67 66
67 67
67 68
67 69
67 70
67 71
67 72
67 73
67 74
67 75
67 76
67 77
67 78
67 79
67 80
67 81
67 82
67 83
67 84
67 85
67 86
67 87
67 88
67 89
67 90
67 91
67 92
67 93
67 94
67 95
67 96
67 97
67 98
67 99
67 100
67 101
67 102
67 103
67 104
67 105
67 106
67 107
67 108
67 109
67 110
67 111
67 112
68 27
68 28
68 29
68 30
68 31
68 32
68 33
68 34
68 35
68 36
68 37
68 38
68 39
68 40
68 41
68 42
68 43
68 44
68 45
68 46
68 47
68 48
68 49
68 50
68 51
68 52
68 53
68 54
68 55
68 56
68 57
68 58
68 59
68 60
68 61
68 62
68 63
68 64
68 65
68 66
68 67
68 68
68 69
68 70
68 71
68 72
68 73
68 74
68 75
68 76
68 77
68 78
68 79
68 80
68 81
68 82
68 83
68 84
68 85
68 86
68 87
68 88
68 89
68 90
68 91
68 92
68 93
68 94
68 95
68 96
68 97
68 98
68 99
68 100
68 101
68 102
68 103
68 104
68 105
68 106
68 107
68 108
68 109
68 110
68 111
68 112
68 113
68 114
68 115
68 116
68 117
69 26
69 27
69 28
69 29
69 30
69 31
69 32
69 33
69 34
69 35
69 36
69 37
69 38
69 39
69 40
69 41
69 42
69 43
69 44
69 45
69 46
69 47
69 48
69 49
69 50
69 51
69 52
69 53
69 54
69 55
69 56
69 57
69 58
69 59
69 60
69 61
69 62
69 63
69 64
69 65
69 66
69 67
69 68
69 69
69 70
69 71
69 72
69 73
69 74
69 75
69 76
69 77
69 78
69 79
69 80
69 81
69 82
69 83
69 84
69 85
69 86
69 87
69 88
69 89
69 90
69 91
69 92
69 93
69 94
69 95
69 96
69 97
69 98
69 99
69 100
69 101
69 102
69 103
69 104
69 105
69 106
69 107
69 108
69 109
69 110
69 111
69 112
69 113
69 114
69 115
69 116
69 117
69 118
69 119
69 120
69 121
70 25
70 26
70 27
70 28
70 29
70 30
70 31
70 32
70 33
70 34
70 35
70 36
70 37
70 38
70 39
70 40
70 41
70 42
70 43
70 44
70 45
70 46
70 47
70 48
70 49
70 50
70 51
70 52
70 53
70 54
70 55
70 56
70 57
70 58
70 59
70 60
70 61
70 62
70 63
70 64
70 65
70 66
70 67
70 68
70 69
70 70
70 71
70 72
70 73
70 74
70 75
70 76
70 77
70 78
70 79
70 80
70 81
70 82
70 83
70 84
70 85
70 86
70 87
70 88
70 89
70 90
70 91
70 92
70 93
70 94
70 95
70 96
70 97
70 98
70 99
70 100
70 101
70 102
70 103
70 104
70 105
70 106
70 107
70 108
70 109
70 110
70 111
70 112
70 113
70 114
70 115
70 116
70 117
70 118
70 119
70 120
70 121
70 122
71 25
71 26
71 27
71 28
71 29
71 30
71 31
71 32
71 33
71 34
71 35
71 36
71 37
71 38
71 39
71 40
71 41
71 42
71 43
71 44
71 45
71 46
71 47
71 48
71 49
71 50
71 51
71 52
71 53
71 54
71 55
71 56
71 57
71 58
71 59
71 60
71 61
71 62
71 63
71 64
71 65
71 66
71 67
71 68
71 69
71 70
71 71
71 72
71 73
71 74
71 75
71 76
71 77
71 78
71 79
71 80
71 81
71 82
71 83
71 84
71 85
71 86
71 87
71 88
71 89
71 90
71 91
71 92
71 93
71 94
71 95
71 96
71 97
71 98
71 99
71 100
71 101
71 102
71 103
71 104
71 105
71 106
71 107
71 108
71 109
71 110
71 111
71 112
71 113
71 114
71 115
71 116
71 117
71 118
71 119
71 120
71 121
71 122
72 23
72 24
72 25
72 26
72 27
72 28
72 29
72 30
72 31
72 32
72 33
72 34
72 35
72 36
72 37
72 38
72 39
72 40
72 41
72 42
72 43
72 44
72 45
72 46
72 47
72 48
72 49
72 50
72 51
72 52
72 53
72 54
72 55
72 56
72 57
72 58
72 59
72 60
72 61
72 62
72 63
72 64
72 65
72 66
72 67
72 68
72 69
72 70
72 71
72 72
72 73
72 74
72 75
72 76
72 77
72 78
72 79
72 80
72 81
72 82
72 83
72 84
72 85
72 86
72 87
72 88
72 89
72 90
72 91
72 92
72 93
72 94
72 95
72 96
72 97
72 98
72 99
72 100
72 101
72 102
72 103
72 104
72 105
72 106
72 107
72 108
72 109
72 110
72 111
72 112
72 113
72 114
72 115
72 116
72 117
72 118
72 119
72 120
72 121
72 122
72 123
72 124
72 125
72 126
72 127
73 22
73 23
73 24
73 25
73 26
73 27
73 28
73 29
73 30
73 31
73 32
73 33
73 34
73 35
73 36
73 37
73 38
73 39
73 40
73 41
73 42
73 43
73 44
73 45
73 46
73 47
73 48
73 49
73 50
73 51
73 52
73 53
73 54
73 55
73 56
73 57
73 58
73 59
73 60
73 61
73 62
73 63
73 64
73 65
73 66
73 67
73 68
73 69
73 70
73 71
73 72
73 73
73 74
73 75
73 76
73 77
73 78
73 79
73 80
73 81
73 82
73 83
73 84
73 85
73 86
73 87
73 88
73 89
73 90
73 91
73 92
73 93
73 94
73 95
73 96
73 97
73 98
73 99
73 100
73 101
73 102
73 103
73 104
73 105
73 106
73 107
73 108
73 109
73 110
73 111
73 112
73 113
73 114
73 115
73 116
73 117
73 118
73 119
73 120
73 121
73 122
73 123
73 124
73 125
73 126
73 127
73 128
73 129
73 130
74 22
74 23
74 24
74 25
74 26
74 27
74 28
74 29
74 30
74 31
74 32
74 33
74 34
74 35
74 36
74 37
74 38
74 39
74 40
74 41
74 42
74 43
74 44
74 45
74 46
74 47
74 48
74 49
74 50
74 51
74 52
74 53
74 54
74 55
74 56
74 57
74 58
74 59
74 60
74 61
74 62
74 63
74 64
74 65
74 66
74 67
74 68
74 69
74 70
74 71
74 72
74 73
74 74
74 75
74 76
74 77
74 78
74 79
74 80
74 81
74 82
74 83
74 84
74 85
74 86
74 87
74 88
74 89
74 90
74 91
74 92
74 93
74 94
74 95
74 96
74 97
74 98
74 99
74 100
74 101
74 102
74 103
74 104
74 105
74 106
74 107
74 108
74 109
74 110
74 111
74 112
74 113
74 114
74 115
74 116
74 117
74 118
74 119
74 120
74 121
74 122
74 123
74 124
74 125
74 126
74 127
74 128
74 129
74 130
74 131
74 132
75 22
75 23
75 24
75 25
75 26
75 27
75 28
75 29
75 30
75 31
75 32
75 33
75 34
75 35
75 36
75 37
75 38
75 39
75 40
75 41
75 42
75 43
75 44
75 45
75 46
75 47
75 48
75 49
75 50
75 51
75 52
75 53
75 54
75 55
75 56
75 57
75 58
75 59
75 60
75 61
75 62
75 63
75 64
75 65
75 66
75 67
75 68
75 69
75 70
75 71
75 72
75 73
75 74
75 75
75 76
75 77
75 78
75 79
75 80
75 81
75 82
75 83
75 84
75 85
75 86
75 87
75 88
75 89
75 90
75 91
75 92
75 93
75 94
75 95
75 96
75 97
75 98
75 99
75 100
75 101
75 102
75 103
75 104
75 105
75 106
75 107
75 108
75 109
75 110
75 111
75 112
75 113
75 114
75 115
75 116
75 117
75 118
75 119
75 120
75 121
75 122
75 123
75 124
75 125
75 126
75 127
75 128
75 129
75 130
75 131
76 21
76 22
76 23
76 24
76 25
76 26
76 27
76 28
76 29
76 30
76 31
76 32
76 33
76 34
76 35
76 36
76 37
76 38
76 39
76 40
76 41
76 42
76 43
76 44
76 45
76 46
76 47
76 48
76 49
76 50
76 51
76 52
76 53
76 54
76 55
76 56
76 57
76 58
76 59
76 60
76 61
76 62
76 63
76 64
76 65
76 66
76 67
76 68
76 69
76 70
76 71
76 72
76 73
76 74
76 75
76 76
76 77
76 78
76 79
76 80
76 81
76 82
76 83
76 84
76 85
76 86
76 87
76 88
76 89
76 90
76 91
76 92
76 93
76 94
76 95
76 96
76 97
76 98
76 99
76 100
76 101
76 102
76 103
76 104
76 105
76 106
76 107
76 108
76 109
76 110
76 111
76 112
76 113
76 114
76 115
76 116
76 117
76 118
76 119
76 120
76 121
76 122
76 123
76 124
76 125
76 126
76 127
76 128
76 129
76 130
76 131
76 132
76 133
76 134
76 135
76 136
77 20
77 21
77 22
77 23
77 24
77 25
77 26
77 27
77 28
77 29
77 30
77 31
77 32
77 33
77 34
77 35
77 36
77 37
77 38
77 39
77 40
77 41
77 42
77 43
77 44
77 45
77 46
77 47
77 48
77 49
77 50
77 51
77 52
77 53
77 54
77 55
77 56
77 57
77 58
77 59
77 60
77 61
77 62
77 63
77 64
77 65
77 66
77 67
77 68
77 69
77 70
77 71
77 72
77 73
77 74
77 75
77 76
77 77
77 78
77 79
77 80
77 81
77 82
77 83
77 84
77 85
77 86
77 87
77 88
77 89
77 90
77 91
77 92
77 93
77 94
77 95
77 96
77 97
77 98
77 99
77 100
77 101
77 102
77 103
77 104
77 105
77 106
77 107
77 108
77 109
77 110
77 111
77 112
77 113
77 114
77 115
77 116
77 117
77 118
77 119
77 120
77 121
77 122
77 123
77 124
77 125
77 126
77 127
77 128
77 129
77 130
77 131
77 132
77 133
77 134
77 135
77 136
77 137
77 138
77 139
78 20
78 21
78 22
78 23
78 24
78 25
78 26
78 27
78 28
78 29
78 30
78 31
78 32
78 33
78 34
78 35
78 36
78 37
78 38
78 39
78 40
78 41
78 42
78 43
78 44
78 45
78 46
78 47
78 48
78 49
78 50
78 51
78 52
78 53
78 54
78 55
78 56
78 57
78 58
78 59
78 60
78 61
78 62
78 63
78 64
78 65
78 66
78 67
78 68
78 69
78 70
78 71
78 72
78 73
78 74
78 75
78 76
78 77
78 78
78 79
78 80
78 81
78 82
78 83
78 84
78 85
78 86
78 87
78 88
78 89
78 90
78 91
78 92
78 93
78 94
78 95
78 96
78 97
78 98
78 99
78 100
78 101
78 102
78 103
78 104
78 105
78 106
78 107
78 108
78 109
78 110
78 111
78 112
78 113
78 114
78 115
78 116
78 117
78 118
78 119
78 120
78 121
78 122
78 123
78 124
78 125
78 126
78 127
78 128
78 129
78 130
78 131
78 132
78 133
78 134
78 135
78 136
78 137
78 138
78 139
78 140
78 141
79 20
79 21
79 22
79 23
79 24
79 25
79 26
79 27
79 28
79 29
79 30
79 31
79 32
79 33
79 34
79 35
79 36
79 37
79 38
79 39
79 40
79 41
79 42
79 43
79 44
79 45
79 46
79 47
79 48
79 49
79 50
79 51
79 52
79 53
79 54
79 55
79 56
79 57
79 58
79 59
79 60
79 61
79 62
79 63
79 64
79 65
79 66
79 67
79 68
79 69
79 70
79 71
79 72
79 73
79 74
79 75
79 76
79 77
79 78
79 79
79 80
79 81
79 82
79 83
79 84
79 85
79 86
79 87
79 88
79 89
79 90
79 91
79 92
79 93
79 94
79 95
79 96
79 97
79 98
79 99
79 100
79 101
79 102
79 103
79 104
79 105
79 106
79 107
79 108
79 109
79 110
79 111
79 112
79 113
79 114
79 115
79 116
79 117
79 118
79 119
79 120
79 121
79 122
79 123
79 124
79 125
79 126
79 127
79 128
79 129
79 130
79 131
79 132
79 133
79 134
79 135
79 136
79 137
79 138
79 139
79 140
80 20
80 21
80 22
80 23
80 24
80 25
80 26
80 27
80 28
80 29
80 30
80 31
80 32
80 33
80 34
80 35
80 36
80 37
80 38
80 39
80 40
80 41
80 42
80 43
80 44
80 45
80 46
80 47
80 48
80 49
80 50
80 51
80 52
80 53
80 54
80 55
80 56
80 57
80 58
80 59
80 60
80 61
80 62
80 63
80 64
80 65
80 66
80 67
80 68
80 69
80 70
80 71
80 72
80 73
80 74
80 75
80 76
80 77
80 78
80 79
80 80
80 81
80 82
80 83
80 84
80 85
80 86
80 87
80 88
80 89
80 90
80 91
80 92
80 93
80 94
80 95
80 96
80 97
80 98
80 99
80 100
80 101
80 102
80 103
80 104
80 105
80 106
80 107
80 108
80 109
80 110
80 111
80 112
80 113
80 114
80 115
80 116
80 117
80 118
80 119
80 120
80 121
80 122
80 123
80 124
80 125
80 126
80 127
80 128
80 129
80 130
80 131
80 132
80 133
80 134
80 135
80 136
80 137
80 138
80 139
80 140
80 141
80 142
80 143
80 144
81 20
81 21
81 22
81 23
81 24
81 25
81 26
81 27
81 28
81 29
81 30
81 31
81 32
81 33
81 34
81 35
81 36
81 37
81 38
81 39
81 40
81 41
81 42
81 43
81 44
81 45
81 46
81 47
81 48
81 49
81 50
81 51
81 52
81 53
81 54
81 55
81 56
81 57
81 58
81 59
81 60
81 61
81 62
81 63
81 64
81 65
81 66
81 67
81 68
81 69
81 70
81 71
81 72
81 73
81 74
81 75
81 76
81 77
81 78
81 79
81 80
81 81
81 82
81 83
81 84
81 85
81 86
81 87
81 88
81 89
81 90
81 91
81 92
81 93
81 94
81 95
81 96
81 97
81 98
81 99
81 100
81 101
81 102
81 103
81 104
81 105
81 106
81 107
81 108
81 109
81 110
81 111
81 112
81 113
81 114
81 115
81 116
81 117
81 118
81 119
81 120
81 121
81 122
81 123
81 124
81 125
81 126
81 127
81 128
81 129
81 130
81 131
81 132
81 133
81 134
81 135
81 136
81 137
81 138
81 139
81 140
81 141
81 142
81 143
81 144
81 145
81 146
81 147
82 20
82 21
82 22
82 23
82 24
82 25
82 26
82 27
82 28
82 29
82 30
82 31
82 32
82 33
82 34
82 35
82 36
82 37
82 38
82 39
82 40
82 41
82 42
82 43
82 44
82 45
82 46
82 47
82 48
82 49
82 50
82 51
82 52
82 53
82 54
82 55
82 56
82 57
82 58
82 59
82 60
82 61
82 62
82 63
82 64
82 65
82 66
82 67
82 68
82 69
82 70
82 71
82 72
82 73
82 74
82 75
82 76
82 77
82 78
82 79
82 80
82 81
82 82
82 83
82 84
82 85
82 86
82 87
82 88
82 89
82 90
82 91
82 92
82 93
82 94
82 95
82 96
82 97
82 98
82 99
82 100
82 101
82 102
82 103
82 104
82 105
82 106
82 107
82 108
82 109
82 110
82 111
82 112
82 113
82 114
82 115
82 116
82 117
82 118
82 119
82 120
82 121
82 122
82 123
82 124
82 125
82 126
82 127
82 128
82 129
82 130
82 131
82 132
82 133
82 134
82 135
82 136
82 137
82 138
82 139
82 140
82 141
82 142
82 143
82 144
82 145
82 146
82 147
82 148
82 149
83 21
83 22
83 23
83 24
83 25
83 26
83 27
83 28
83 29
83 30
83 31
83 32
83 33
83 34
83 35
83 36
83 37
83 38
83 39
83 40
83 41
83 42
83 43
83 44
83 45
83 46
83 47
83 48
83 49
83 50
83 51
83 52
83 53
83 54
83 55
83 56
83 57
83 58
83 59
83 60
83 61
83 62
83 63
83 64
83 65
83 66
83 67
83 68
83 69
83 70
83 71
83 72
83 73
83 74
83 75
83 76
83 77
83 78
83 79
83 80
83 81
83 82
83 83
83 84
83 85
83 86
83 87
83 88
83 89
83 90
83 91
83 92
83 93
83 94
83 95
83 96
83 97
83 98
83 99
83 100
83 101
83 102
83 103
83 104
83 105
83 106
83 107
83 108
83 109
83 110
83 111
83 112
83 113
83 114
83 115
83 116
83 117
83 118
83 119
83 120
83 121
83 122
83 123
83 124
83 125
83 126
83 127
83 128
83 129
83 130
83 131
83 132
83 133
83 134
83 135
83 136
83 137
83 138
83 139
83 140
83 141
83 142
83 143
83 144
83 145
83 146
83 147
83 148
83 149
84 21
84 22
84 23
84 24
84 25
84 26
84 27
84 28
84 29
84 30
84 31
84 32
84 33
84 34
84 35
84 36
84 37
84 38
84 39
84 40
84 41
84 42
84 43
84 44
84 45
84 46
84 47
84 48
84 49
84 50
84 51
84 52
84 53
84 54
84 55
84 56
84 57
84 58
84 59
84 60
84 61
84 62
84 63
84 64
84 65
84 66
84 67
84 68
84 69
84 70
84 71
84 72
84 73
84 74
84 75
84 76
84 77
84 78
84 79
84 80
84 81
84 82
84 83
84 84
84 85
84 86
84 87
84 88
84 89
84 90
84 91
84 92
84 93
84 94
84 95
84 96
84 97
84 98
84 99
84 100
84 101
84 102
84 103
84 104
84 105
84 106
84 107
84 108
84 109
84 110
84 111
84 112
84 113
84 114
84 115
84 116
84 117
84 118
84 119
84 120
84 121
84 122
84 123
84 124
84 125
84 126
84 127
84 128
84 129
84 130
84 131
84 132
84 133
84 134
84 135
84 136
84 137
84 138
84 139
84 140
84 141
84 142
84 143
84 144
84 145
84 146
84 147
84 148
84 149
84 150
84 151
84 152
85 22
85 23
85 24
85 25
85 26
85 27
85 28
85 29
85 30
85 31
85 32
85 33
85 34
85 35
85 36
85 37
85 38
85 39
85 40
85 41
85 42
85 43
85 44
85 45
85 46
85 47
85 48
85 49
85 50
85 51
85 52
85 53
85 54
85 55
85 56
85 57
85 58
85 59
85 60
85 61
85 62
85 63
85 64
85 65
85 66
85 67
85 68
85 69
85 70
85 71
85 72
85 73
85 74
85 75
85 76
85 77
85 78
85 79
85 80
85 81
85 82
85 83
85 84
85 85
85 86
85 87
85 88
85 89
85 90
85 91
85 92
85 93
85 94
85 95
85 96
85 97
85 98
85 99
85 100
85 101
85 102
85 103
85 104
85 105
85 106
85 107
85 108
85 109
85 110
85 111
85 112
85 113
85 114
85 115
85 116
85 117
85 118
85 119
85 120
85 121
85 122
85 123
85 124
85 125
85 126
85 127
85 128
85 129
85 130
85 131
85 132
85 133
85 134
85 135
85 136
85 137
85 138
85 139
85 140
85 141
85 142
85 143
85 144
85 145
85 146
85 147
85 148
85 149
85 150
85 151
85 152
85 153
85 154
85 155
86 22
86 23
86 24
86 25
86 26
86 27
86 28
86 29
86 30
86 31
86 32
86 33
86 34
86 35
86 36
86 37
86 38
86 39
86 40
86 41
86 42
86 43
86 44
86 45
86 46
86 47
86 48
86 49
86 50
86 51
86 52
86 53
86 54
86 55
86 56
86 57
86 58
86 59
86 60
86 61
86 62
86 63
86 64
86 65
86 66
86 67
86 68
86 69
86 70
86 71
86 72
86 73
86 74
86 75
86 76
86 77
86 78
86 79
86 80
86 81
86 82
86 83
86 84
86 85
86 86
86 87
86 88
86 89
86 90
86 91
86 92
86 93
86 94
86 95
86 96
86 97
86 98
86 99
86 100
86 101
86 102
86 103
86 104
86 105
86 106
86 107
86 108
86 109
86 110
86 111
86 112
86 113
86 114
86 115
86 116
86 117
86 118
86 119
86 120
86 121
86 122
86 123
86 124
86 125
86 126
86 127
86 128
86 129
86 130
86 131
86 132
86 133
86 134
86 135
86 136
86 137
86 138
86 139
86 140
86 141
86 142
86 143
86 144
86 145
86 146
86 147
86 148
86 149
86 150
86 151
86 152
86 153
86 154
86 155
86 156
87 23
87 24
87 25
87 26
87 27
87 28
87 29
87 30
87 31
87 32
87 33
87 34
87 35
87 36
87 37
87 38
87 39
87 40
87 41
87 42
87 45
87 46
87 47
87 48
87 49
87 50
87 98
87 99
87 100
87 101
87 102
87 103
87 104
87 105
87 106
87 107
87 108
87 109
87 110
87 111
87 112
87 113
87 114
87 115
87 116
87 117
87 118
87 119
87 120
87 121
87 122
87 123
87 124
87 125
87 126
87 127
87 128
87 129
87 130
87 131
87 132
87 133
87 134
87 135
87 136
87 137
87 138
87 139
87 140
87 141
87 142
87 143
87 144
87 145
87 146
87 147
87 148
87 149
87 150
87 151
87 152
87 153
87 154
87 155
87 156
88 25
88 26
88 27
88 28
88 29
88 30
88 31
88 32
88 33
88 34
88 35
88 36
88 37
88 38
88 39
88 40
88 108
88 109
88 110
88 111
88 112
88 113
88 114
88 115
88 116
88 117
88 118
88 119
88 120
88 121
88 122
88 123
88 124
88 125
88 126
88 127
88 128
88 129
88 130
88 131
88 132
88 133
88 134
88 135
88 136
88 137
88 138
88 139
88 140
88 141
88 142
88 143
88 144
88 145
88 146
88 147
88 148
88 149
88 150
88 151
88 152
88 153
88 154
88 155
88 156
88 157
88 158
88 159
88 160
89 27
89 28
89 29
89 30
89 31
89 32
89 33
89 34
89 35
89 36
89 38
89 112
89 113
89 114
89 115
89 116
89 117
89 118
89 119
89 120
89 121
89 122
89 123
89 124
89 125
89 126
89 127
89 128
89 129
89 130
89 131
89 132
89 133
89 134
89 135
89 136
89 137
89 138
89 139
89 140
89 141
89 142
89 143
89 144
89 145
89 146
89 147
89 148
89 149
89 150
89 151
89 152
89 153
89 154
89 155
89 156
89 157
89 158
89 159
89 160
89 161
89 162
90 27
90 28
90 29
90 30
90 31
90 32
90 33
90 34
90 114
90 115
90 116
90 117
90 118
90 119
90 120
90 121
90 122
90 123
90 124
90 125
90 126
90 127
90 128
90 129
90 130
90 131
90 132
90 133
90 134
90 135
90 136
90 137
90 138
90 139
90 140
90 141
90 142
90 143
90 144
90 145
90 146
90 147
90 148
90 149
90 150
90 151
90 152
90 153
90 154
90 155
90 156
90 157
90 158
90 159
90 160
90 161
90 162
90 163
91 118
91 119
91 120
91 121
91 122
91 123
91 124
91 125
91 126
91 127
91 128
91 129
91 130
91 131
91 132
91 133
91 134
91 135
91 136
91 137
91 138
91 139
91 140
91 141
91 142
91 143
91 144
91 145
91 146
91 147
91 148
91 149
91 150
91 151
91 152
91 153
91 154
91 155
91 156
91 157
91 158
91 159
91 160
91 161
91 162
91 163
92 126
92 127
92 128
92 129
92 130
92 131
92 132
92 133
92 134
92 135
92 136
92 137
92 138
92 139
92 140
92 141
92 142
92 143
92 144
92 145
92 146
92 147
92 148
92 149
92 150
92 151
92 152
92 153
92 154
92 155
92 156
92 157
92 158
92 159
92 160
92 161
92 162
92 163
92 164
92 165
92 166
92 167
93 127
93 128
93 129
93 130
93 131
93 132
93 133
93 134
93 135
93 136
93 137
93 138
93 139
93 140
93 141
93 142
93 143
93 144
93 145
93 146
93 147
93 148
93 149
93 150
93 151
93 152
93 153
93 154
93 155
93 156
93 157
93 158
93 159
93 160
93 161
93 162
93 163
93 164
93 165
93 166
93 167
93 168
93 169
93 170
94 128
94 129
94 130
94 131
94 132
94 133
94 134
94 135
94 136
94 137
94 138
94 139
94 140
94 141
94 142
94 143
94 144
94 145
94 146
94 147
94 148
94 149
94 150
94 151
94 152
94 153
94 154
94 155
94 156
94 157
94 158
94 159
94 160
94 161
94 162
94 163
94 164
94 165
94 166
94 167
94 168
94 169
94 170
94 171
95 132
95 133
95 134
95 135
95 139
95 140
95 141
95 142
95 143
95 144
95 145
95 146
95 147
95 148
95 149
95 150
95 151
95 152
95 153
95 154
95 155
95 156
95 157
95 158
95 159
95 160
95 161
95 162
95 163
95 164
95 165
95 166
95 167
95 168
95 169
95 170
95 171
96 141
96 142
96 143
96 144
96 145
96 146
96 147
96 148
96 149
96 150
96 151
96 152
96 153
96 154
96 155
96 156
96 157
96 158
96 159
96 160
96 161
96 162
96 163
96 164
96 165
96 166
96 167
96 168
96 169
96 170
96 171
96 172
96 173
96 174
96 175
97 138
97 139
97 140
97 141
97 142
97 143
97 144
97 145
97 146
97 147
97 148
97 149
97 150
97 151
97 152
97 153
97 154
97 155
97 156
97 157
97 158
97 159
97 160
97 161
97 162
97 163
97 164
97 165
97 166
97 167
97 168
97 169
97 170
97 171
97 172
97 173
97 174
97 175
97 176
98 139
98 140
98 141
98 142
98 143
98 144
98 145
98 146
98 147
98 148
98 149
98 150
98 151
98 152
98 153
98 154
98 155
98 156
98 157
98 158
98 159
98 160
98 161
98 162
98 163
98 164
98 165
98 166
98 167
98 168
98 169
98 170
98 171
98 172
98 173
98 174
98 175
98 176
98 177
99 143
99 144
99 145
99 146
99 147
99 148
99 149
99 150
99 151
99 152
99 153
99 154
99 155
99 156
99 157
99 158
99 159
99 160
99 161
99 162
99 163
99 164
99 165
99 166
99 167
99 168
99 169
99 170
99 171
99 172
99 173
99 174
99 175
99 176
99 177
100 149
100 150
100 151
100 152
100 153
100 154
100 155
100 156
100 157
100 158
100 159
100 160
100 161
100 162
100 163
100 164
100 165
100 166
100 167
100 168
100 169
100 170
100 171
100 172
100 173
100 174
100 175
100 176
100 177
100 178
100 179
100 180
100 181
101 149
101 150
101 151
101 152
101 153
101 154
101 155
101 156
101 157
101 158
101 159
101 160
101 161
101 162
101 163
101 164
101 165
101 166
101 167
101 168
101 169
101 170
101 171
101 172
101 173
101 174
101 175
101 176
101 177
101 178
101 179
101 180
101 181
101 182
101 183
102 151
102 152
102 153
102 154
102 155
102 156
102 157
102 158
102 159
102 160
102 161
102 162
102 163
102 164
102 165
102 166
102 167
102 168
102 169
102 170
102 171
102 172
102 173
102 174
102 175
102 176
102 177
102 178
102 179
102 180
102 181
102 182
102 183
102 184
102 185
103 153
103 154
103 155
103 156
103 157
103 158
103 159
103 160
103 161
103 162
103 163
103 164
103 165
103 166
103 167
103 168
103 169
103 170
103 171
103 172
103 173
103 174
103 175
103 176
103 177
103 178
103 179
103 180
103 181
103 182
103 183
103 184
103 185
104 157
104 158
104 159
104 160
104 161
104 162
104 163
104 164
104 165
104 166
104 167
104 168
104 169
104 170
104 171
104 172
104 173
104 174
104 175
104 176
104 177
104 178
104 179
104 180
104 181
104 182
104 183
104 184
104 185
104 186
104 187
105 162
105 163
105 164
105 165
105 166
105 167
105 168
105 169
105 170
105 171
105 172
105 173
105 174
105 175
105 176
105 177
105 178
105 179
105 180
105 181
105 182
105 183
105 184
105 185
105 186
105 187
105 188
105 189
105 190
106 162
106 163
106 164
106 165
106 166
106 167
106 168
106 169
106 170
106 171
106 172
106 173
106 174
106 175
106 176
106 177
106 178
106 179
106 180
106 181
106 182
106 183
106 184
106 185
106 186
106 187
106 188
106 189
106 190
106 191
106 192
107 163
107 164
107 165
107 166
107 167
107 168
107 169
107 170
107 171
107 172
107 173
107 174
107 175
107 176
107 177
107 178
107 179
107 180
107 181
107 182
107 183
107 184
107 185
107 186
107 187
107 188
107 189
107 190
107 191
107 192
108 167
108 168
108 169
108 170
108 171
108 172
108 173
108 174
108 175
108 176
108 177
108 178
108 179
108 180
108 181
108 182
108 183
108 184
108 185
108 186
108 187
108 188
108 189
108 190
108 191
108 192
108 193
109 172
109 173
109 174
109 175
109 176
109 177
109 178
109 179
109 180
109 181
109 182
109 183
109 184
109 185
109 186
109 187
109 188
109 189
109 190
109 191
109 192
109 193
109 194
109 195
109 196
109 197
110 171
110 172
110 173
110 174
110 175
110 176
110 177
110 178
110 179
110 180
110 181
110 182
110 183
110 184
110 185
110 186
110 187
110 188
110 189
110 190
110 191
110 192
110 193
110 194
110 195
110 196
110 197
110 198
110 199
111 173
111 174
111 175
111 176
111 177
111 178
111 179
111 180
111 181
111 182
111 183
111 184
111 185
111 186
111 187
111 188
111 189
111 190
111 191
111 192
111 193
111 194
111 195
111 196
111 197
111 198
111 199
112 176
112 177
112 178
112 179
112 180
112 181
112 182
112 183
112 184
112 185
112 186
112 187
112 188
112 189
112 190
112 191
112 192
112 193
112 194
112 195
112 196
112 197
112 198
112 199
112 200
112 201
113 179
113 180
113 181
113 182
113 183
113 184
113 185
113 186
113 187
113 188
113 189
113 190
113 191
113 192
113 193
113 194
113 195
113 196
113 197
113 198
113 199
113 200
113 201
113 202
113 203
114 179
114 180
114 181
114 182
114 183
114 184
114 185
114 186
114 187
114 188
114 189
114 190
114 191
114 192
114 193
114 194
114 195
114 196
114 197
114 198
114 199
114 200
114 201
114 202
114 203
114 204
114 205
114 206
115 182
115 183
115 184
115 185
115 186
115 187
115 188
115 189
115 190
115 191
115 192
115 193
115 194
115 195
115 196
115 197
115 198
115 199
115 200
115 201
115 202
115 203
115 204
115 205
115 206
116 184
116 185
116 186
116 187
116 188
116 189
116 190
116 191
116 192
116 193
116 194
116 195
116 196
116 197
116 198
116 199
116 200
116 201
116 202
116 203
116 204
116 205
116 206
116 207
117 188
117 189
117 190
117 191
117 192
117 193
117 194
117 195
117 196
117 197
117 198
117 199
117 200
117 201
117 202
117 203
117 204
117 205
117 206
117 207
117 208
118 188
118 189
118 190
118 191
118 192
118 193
118 194
118 195
118 196
118 197
118 198
118 199
118 200
118 201
118 202
118 203
118 204
118 205
118 206
118 207
118 208
118 209
118 210
118 211
119 190
119 191
119 192
119 193
119 194
119 195
119 196
119 197
119 198
119 199
119 200
119 201
119 202
119 203
119 204
119 205
119 206
119 207
119 208
119 209
119 210
119 211
120 193
120 194
120 195
120 196
120 197
120 198
120 199
120 200
120 201
120 202
120 203
120 204
120 205
120 206
120 207
120 208
120 209
120 210
120 211
120 212
120 213
121 197
121 198
121 199
121 200
121 201
121 202
121 203
121 204
121 205
121 206
121 207
121 208
121 209
121 210
121 211
121 212
121 213
121 214
121 215
121 216
122 197
122 198
122 199
122 200
122 201
122 202
122 203
122 204
122 205
122 206
122 207
122 208
122 209
122 210
122 211
122 212
122 213
122 214
122 215
122 216
122 217
123 198
123 199
123 200
123 201
123 202
123 203
123 204
123 205
123 206
123 207
123 208
123 209
123 210
123 211
123 212
123 213
123 214
123 215
123 216
123 217
124 201
124 202
124 203
124 204
124 205
124 206
124 207
124 208
124 209
124 210
124 211
124 212
124 213
124 214
124 215
124 216
124 217
124 218
125 205
125 206
125 207
125 208
125 209
125 210
125 211
125 212
125 213
125 214
125 215
125 216
125 217
125 218
125 219
125 220
125 221
126 204
126 205
126 206
126 207
126 208
126 209
126 210
126 211
126 212
126 213
126 214
126 215
126 216
126 217
126 218
126 219
126 220
126 221
126 222
126 223
127 207
127 208
127 209
127 210
127 211
127 212
127 213
127 214
127 215
127 216
127 217
127 218
127 219
127 220
127 221
127 222
127 223
128 209
128 210
128 211
128 212
128 213
128 214
128 215
128 216
128 217
128 218
128 219
128 220
128 221
128 222
128 223
128 224
128 225
129 213
129 214
129 215
129 216
129 217
129 218
129 219
129 220
129 221
129 222
129 223
129 224
129 225
129 226
129 227
130 213
130 214
130 215
130 216
130 217
130 218
130 219
130 220
130 221
130 222
130 223
130 224
130 225
130 226
130 227
130 228
131 214
131 215
131 216
131 217
131 218
131 219
131 220
131 221
131 222
131 223
131 224
131 225
131 226
131 227
131 228
132 217
132 218
132 219
132 220
132 221
132 222
132 223
132 224
132 225
132 226
132 227
132 228
132 229
132 230
132 231
133 222
133 223
133 224
133 225
133 226
133 227
133 228
133 229
133 230
133 231
133 232
134 220
134 221
134 222
134 223
134 224
134 225
134 226
134 227
134 228
134 229
134 230
134 231
134 232
134 233
134 234
134 235
135 223
135 224
135 225
135 226
135 227
135 228
135 229
135 230
135 231
135 232
135 233
136 225
136 226
136 227
136 228
136 229
136 230
136 231
136 232
136 233
136 234
136 235
136 236
136 237
137 229
137 230
137 231
137 232
137 233
137 234
137 235
137 236
137 237
137 238
138 228
138 229
138 230
138 231
138 232
138 233
138 234
138 235
138 236
138 237
138 238
138 239
138 240
139 230
139 231
139 232
139 233
139 234
139 235
139 236
139 237
139 238
139 239
139 240
140 233
140 234
140 235
140 236
140 237
140 238
140 239
140 240
140 241
140 242
141 237
141 238
141 239
141 240
141 241
141 242
141 243
142 237
142 238
142 239
142 240
142 241
142 242
142 243
142 244
142 245
143 238
143 239
143 240
143 241
143 242
143 243
143 244
143 245
144 241
144 242
144 243
144 244
144 245
144 246
144 247
145 244
145 245
145 246
145 247
145 248
146 243
146 244
146 245
146 246
146 247
146 248
146 249
146 250
146 251
147 246
147 247
147 248
147 249
147 250
148 248
148 249
148 250
148 251
148 252
149 252
149 253
149 254
150 252
150 253
150 254
150 255
150 256
151 254
152 257
153 259
154 259